RE-1_R2_CH01_A  637566980 0 0
RE-1_R2_CH01_B  637599748 0 0
RE-1_R2_CH01_C  637632516 0 0
RE+1_R2_CH01_A  637566982 -0.241959 6.39678
RE+1_R2_CH01_B  637599750 -0.205939 5.01227
RE+1_R2_CH01_C  637632518 -0.850952 4.49555
RE-1_R3_CH01_A  637566984 0 0
RE-1_R3_CH01_B  637599752 0 0
RE-1_R3_CH01_C  637632520 0 0
RE+1_R3_CH01_A  637566986 -0.496351 3.81085
RE+1_R3_CH01_B  637599754 0.30127 3.78846
RE+1_R3_CH01_C  637632522 -0.0342906 3.5881
W-2_RB1in_S01_Backward  637566989 0.118497 1.23723
W-2_RB1in_S01_Forward  637632525 0.0196022 1.37055
W-1_RB1in_S01_Backward  637566993 0.171771 1.18792
W-1_RB1in_S01_Forward  637632529 0.207666 1.47721
W+0_RB1in_S01_Backward  637566997 0.0397354 1.33151
W+0_RB1in_S01_Forward  637632533 0.0498617 1.43574
W+1_RB1in_S01_Backward  637567001 -0.0257937 1.1932
W+1_RB1in_S01_Forward  637632537 0.00839284 1.2925
W+2_RB1in_S01_Backward  637567005 -0.0695978 1.26587
W+2_RB1in_S01_Forward  637632541 -0.0693604 1.34394
RE-1_R2_CH07_A  637567108 0 0
RE-1_R2_CH07_B  637599876 0 0
RE-1_R2_CH07_C  637632644 0 0
RE+1_R2_CH07_A  637567110 -0.31493 5.96668
RE+1_R2_CH07_B  637599878 -0.360374 5.30298
RE+1_R2_CH07_C  637632646 0.422186 4.56702
RE-1_R3_CH07_A  637567112 0 0
RE-1_R3_CH07_B  637599880 0 0
RE-1_R3_CH07_C  637632648 0 0
RE+1_R3_CH07_A  637567114 0.0272086 2.58365
RE+1_R3_CH07_B  637599882 0.542396 2.66922
RE+1_R3_CH07_C  637632650 0.731843 2.4962
W-2_RB1in_S02_Backward  637567117 -0.180044 1.23279
W-2_RB1in_S02_Forward  637632653 -0.125816 1.18907
W-1_RB1in_S02_Backward  637567121 -0.0578613 1.22183
W-1_RB1in_S02_Forward  637632657 -0.193466 1.35451
W+0_RB1in_S02_Backward  637567125 0.187505 1.24147
W+0_RB1in_S02_Forward  637632661 -0.146521 1.31318
W+1_RB1in_S02_Backward  637567129 -0.0264017 1.16853
W+1_RB1in_S02_Forward  637632665 0.0540747 1.3405
W+2_RB1in_S02_Backward  637567133 0.210967 1.2306
W+2_RB1in_S02_Forward  637632669 -0.244371 1.1612
RE-1_R2_CH13_A  637567236 0 0
RE-1_R2_CH13_B  637600004 0 0
RE-1_R2_CH13_C  637632772 0 0
RE+1_R2_CH13_A  637567238 0.129749 6.6043
RE+1_R2_CH13_B  637600006 -0.636252 5.51847
RE+1_R2_CH13_C  637632774 0.108433 4.75494
RE-1_R3_CH13_A  637567240 0 0
RE-1_R3_CH13_B  637600008 0 0
RE-1_R3_CH13_C  637632776 0 0
RE+1_R3_CH13_A  637567242 0 0
RE+1_R3_CH13_B  637600010 0 0
RE+1_R3_CH13_C  637632778 0 0
W-2_RB1in_S03_Backward  637567245 -0.106377 0.9977
W-2_RB1in_S03_Forward  637632781 -0.218378 1.34794
W-1_RB1in_S03_Backward  637567249 -0.0507836 1.02893
W-1_RB1in_S03_Forward  637632785 0.0025722 1.0153
W+0_RB1in_S03_Backward  637567253 0.206663 1.02993
W+0_RB1in_S03_Forward  637632789 0.253997 1.09165
W+1_RB1in_S03_Backward  637567257 -0.1639 0.979897
W+1_RB1in_S03_Forward  637632793 -0.128667 1.06122
W+2_RB1in_S03_Backward  637567261 -0.0320705 0.954451
W+2_RB1in_S03_Forward  637632797 0.0555725 1.25441
RE-1_R2_CH19_A  637567364 0 0
RE-1_R2_CH19_B  637600132 0 0
RE-1_R2_CH19_C  637632900 0 0
RE+1_R2_CH19_A  637567366 -0.208405 6.52764
RE+1_R2_CH19_B  637600134 0.881826 4.95074
RE+1_R2_CH19_C  637632902 -0.581054 4.64919
RE-1_R3_CH19_A  637567368 0 0
RE-1_R3_CH19_B  637600136 0 0
RE-1_R3_CH19_C  637632904 0 0
RE+1_R3_CH19_A  637567370 -0.215094 3.71126
RE+1_R3_CH19_B  637600138 0.379632 4.06334
RE+1_R3_CH19_C  637632906 -0.40904 3.39658
W-2_RB1in_S04_Backward  637567373 0.112269 0.896501
W-2_RB1in_S04_Forward  637632909 0.132601 1.01765
W-1_RB1in_S04_Backward  637567377 -0.0898862 1.00108
W-1_RB1in_S04_Forward  637632913 0.0604852 1.28431
W+0_RB1in_S04_Backward  637567381 0.0102296 0.939715
W+0_RB1in_S04_Forward  637632917 0.01031 1.04494
W+1_RB1in_S04_Backward  637567385 0.0315922 1.01807
W+1_RB1in_S04_Forward  637632921 -0.106497 1.17784
W+2_RB1in_S04_Backward  637567389 -0.255241 0.912137
W+2_RB1in_S04_Forward  637632925 -0.0238361 0.940887
RE-1_R2_CH25_A  637567492 0 0
RE-1_R2_CH25_B  637600260 0 0
RE-1_R2_CH25_C  637633028 0 0
RE+1_R2_CH25_A  637567494 -0.372801 6.08324
RE+1_R2_CH25_B  637600262 -0.681779 5.49498
RE+1_R2_CH25_C  637633030 0.209311 4.58265
RE-1_R3_CH25_A  637567496 0 0
RE-1_R3_CH25_B  637600264 0 0
RE-1_R3_CH25_C  637633032 0 0
RE+1_R3_CH25_A  637567498 0 0
RE+1_R3_CH25_B  637600266 0 0
RE+1_R3_CH25_C  637633034 0 0
W-2_RB1in_S05_Backward  637567501 0.130111 1.01984
W-2_RB1in_S05_Forward  637633037 0.179015 0.969263
W-1_RB1in_S05_Backward  637567505 0.175845 0.918909
W-1_RB1in_S05_Forward  637633041 0.158336 1.00532
W+0_RB1in_S05_Backward  637567509 0.1486 1.05574
W+0_RB1in_S05_Forward  637633045 0.0810671 1.07539
W+1_RB1in_S05_Backward  637567513 -0.222034 0.961949
W+1_RB1in_S05_Forward  637633049 -0.257181 1.08977
W+2_RB1in_S05_Backward  637567517 -0.0334945 0.963754
W+2_RB1in_S05_Forward  637633053 -0.214702 1.08507
RE-1_R2_CH31_A  637567620 0 0
RE-1_R2_CH31_B  637600388 0 0
RE-1_R2_CH31_C  637633156 0 0
RE+1_R2_CH31_A  637567622 1.57927 6.05248
RE+1_R2_CH31_B  637600390 0.321372 5.88702
RE+1_R2_CH31_C  637633158 -0.688541 4.50571
RE-1_R3_CH31_A  637567624 0 0
RE-1_R3_CH31_B  637600392 0 0
RE-1_R3_CH31_C  637633160 0 0
RE+1_R3_CH31_A  637567626 0.110772 3.3094
RE+1_R3_CH31_B  637600394 -0.951082 3.55096
RE+1_R3_CH31_C  637633162 -1.04022 3.22298
W-2_RB1in_S06_Backward  637567629 0.104491 1.14903
W-2_RB1in_S06_Forward  637633165 0.106259 1.21628
W-1_RB1in_S06_Backward  637567633 -0.0449994 1.21732
W-1_RB1in_S06_Forward  637633169 -0.110881 1.33516
W+0_RB1in_S06_Backward  637567637 -0.0199723 1.18456
W+0_RB1in_S06_Forward  637633173 0.0475673 1.60318
W+1_RB1in_S06_Backward  637567641 -0.0853256 1.17814
W+1_RB1in_S06_Forward  637633177 0.0955209 1.53977
W+2_RB1in_S06_Backward  637567645 -0.000636776 1.09338
W+2_RB1in_S06_Forward  637633181 -0.117639 1.165
W-2_RB1in_S07_Backward  637567757 -0.30484 1.21185
W-2_RB1in_S07_Forward  637633293 -0.380062 1.34793
W-1_RB1in_S07_Backward  637567761 -0.0420349 1.20876
W-1_RB1in_S07_Forward  637633297 -0.383396 1.32514
W+0_RB1in_S07_Backward  637567765 0.153102 1.35888
W+0_RB1in_S07_Forward  637633301 0.132984 1.25692
W+1_RB1in_S07_Backward  637567769 0 0
W+1_RB1in_S07_Forward  637633305 0 0
W+2_RB1in_S07_Backward  637567773 0.0733349 1.19929
W+2_RB1in_S07_Forward  637633309 0.148163 1.40454
W-2_RB1in_S08_Backward  637567885 -0.287477 1.10607
W-2_RB1in_S08_Forward  637633421 -0.275195 1.3238
W-1_RB1in_S08_Backward  637567889 -0.255659 1.11614
W-1_RB1in_S08_Forward  637633425 -0.289098 1.18049
W+0_RB1in_S08_Backward  637567893 -0.128405 1.12347
W+0_RB1in_S08_Forward  637633429 -0.330659 1.13408
W+1_RB1in_S08_Backward  637567897 0.346691 1.10066
W+1_RB1in_S08_Forward  637633433 0.101912 1.22625
W+2_RB1in_S08_Backward  637567901 0.260734 1.12139
W+2_RB1in_S08_Forward  637633437 0.202057 1.53784
W-2_RB1in_S09_Backward  637568013 0.0647585 1.06215
W-2_RB1in_S09_Forward  637633549 0.00942664 1.05981
W-1_RB1in_S09_Backward  637568017 0.0131578 1.01678
W-1_RB1in_S09_Forward  637633553 0.125959 1.09223
W+0_RB1in_S09_Backward  637568021 -0.352977 0.999554
W+0_RB1in_S09_Forward  637633557 -0.0337545 1.33178
W+1_RB1in_S09_Backward  637568025 0.0957064 0.985885
W+1_RB1in_S09_Forward  637633561 0.0722839 1.12752
W+2_RB1in_S09_Backward  637568029 0.29418 1.10335
W+2_RB1in_S09_Forward  637633565 0.197328 1.26773
W-2_RB1in_S10_Backward  637568141 0.1203 0.947437
W-2_RB1in_S10_Forward  637633677 0.196502 1.56225
W-1_RB1in_S10_Backward  637568145 -0.00624854 0.986254
W-1_RB1in_S10_Forward  637633681 -0.0777609 1.16713
W+0_RB1in_S10_Backward  637568149 -0.0257373 0.933286
W+0_RB1in_S10_Forward  637633685 0.0925739 0.9976
W+1_RB1in_S10_Backward  637568153 0.446272 0.882419
W+1_RB1in_S10_Forward  637633689 0.0346226 0.900979
W+2_RB1in_S10_Backward  637568157 -0.0358761 0.994142
W+2_RB1in_S10_Forward  637633693 0.0139337 1.2927
W-2_RB1in_S11_Backward  637568269 0.00443424 1.0354
W-2_RB1in_S11_Forward  637633805 -0.0181315 0.949782
W-1_RB1in_S11_Backward  637568273 0.179517 0.931465
W-1_RB1in_S11_Forward  637633809 0.0421694 1.09407
W+0_RB1in_S11_Backward  637568277 0.196759 1.02106
W+0_RB1in_S11_Forward  637633813 0.0530476 1.28027
W+1_RB1in_S11_Backward  637568281 -0.2651 1.00568
W+1_RB1in_S11_Forward  637633817 -0.252313 1.27092
W+2_RB1in_S11_Backward  637568285 0.0784247 1.00821
W+2_RB1in_S11_Forward  637633821 0.102211 1.20663
W-2_RB1in_S12_Backward  637568397 0.36025 1.12043
W-2_RB1in_S12_Forward  637633933 0.0497264 1.31914
W-1_RB1in_S12_Backward  637568401 0.415216 1.07555
W-1_RB1in_S12_Forward  637633937 0.487254 1.24901
W+0_RB1in_S12_Backward  637568405 0.0762986 1.17686
W+0_RB1in_S12_Forward  637633941 0 0
W+1_RB1in_S12_Backward  637568409 -0.0283137 1.09321
W+1_RB1in_S12_Forward  637633945 -0.0042175 1.22184
W+2_RB1in_S12_Backward  637568413 0 0
W+2_RB1in_S12_Forward  637633949 -0.406004 1.10918
RE-1_R2_CH02_A  637571076 0 0
RE-1_R2_CH02_B  637603844 0 0
RE-1_R2_CH02_C  637636612 0 0
RE+1_R2_CH02_A  637571078 -4.30076 1.89066
RE+1_R2_CH02_B  637603846 -3.83566 1.40439
RE+1_R2_CH02_C  637636614 -2.86016 1.65578
RE-1_R3_CH02_A  637571080 0 0
RE-1_R3_CH02_B  637603848 0 0
RE-1_R3_CH02_C  637636616 0 0
RE+1_R3_CH02_A  637571082 0.10283 3.73931
RE+1_R3_CH02_B  637603850 0.379034 3.74426
RE+1_R3_CH02_C  637636618 0.478018 3.70496
RE-1_R2_CH08_A  637571204 0 0
RE-1_R2_CH08_B  637603972 0 0
RE-1_R2_CH08_C  637636740 0 0
RE+1_R2_CH08_A  637571206 -4.4466 1.31761
RE+1_R2_CH08_B  637603974 -3.8144 1.28596
RE+1_R2_CH08_C  637636742 -3.27157 1.18891
RE-1_R3_CH08_A  637571208 0 0
RE-1_R3_CH08_B  637603976 0 0
RE-1_R3_CH08_C  637636744 0 0
RE+1_R3_CH08_A  637571210 0.139082 2.65228
RE+1_R3_CH08_B  637603978 0.28031 3.07381
RE+1_R3_CH08_C  637636746 0.0304795 3.00106
RE-1_R2_CH14_A  637571332 0 0
RE-1_R2_CH14_B  637604100 0 0
RE-1_R2_CH14_C  637636868 0 0
RE+1_R2_CH14_A  637571334 -3.82624 2.46818
RE+1_R2_CH14_B  637604102 -3.5211 2.15511
RE+1_R2_CH14_C  637636870 -2.83895 1.65935
RE-1_R3_CH14_A  637571336 0 0
RE-1_R3_CH14_B  637604104 0 0
RE-1_R3_CH14_C  637636872 0 0
RE+1_R3_CH14_A  637571338 4.011 0.863289
RE+1_R3_CH14_B  637604106 3.98655 0
RE+1_R3_CH14_C  637636874 5.66723 2.72281
RE-1_R2_CH20_A  637571460 0 0
RE-1_R2_CH20_B  637604228 0 0
RE-1_R2_CH20_C  637636996 0 0
RE+1_R2_CH20_A  637571462 -4.16458 1.6097
RE+1_R2_CH20_B  637604230 -3.38669 2.06672
RE+1_R2_CH20_C  637636998 -2.98331 1.81925
RE-1_R3_CH20_A  637571464 0 0
RE-1_R3_CH20_B  637604232 0 0
RE-1_R3_CH20_C  637637000 0 0
RE+1_R3_CH20_A  637571466 0.146312 3.67752
RE+1_R3_CH20_B  637604234 0.730509 3.80086
RE+1_R3_CH20_C  637637002 0.766482 3.55852
RE-1_R2_CH26_A  637571588 0 0
RE-1_R2_CH26_B  637604356 0 0
RE-1_R2_CH26_C  637637124 0 0
RE+1_R2_CH26_A  637571590 -4.53988 1.39296
RE+1_R2_CH26_B  637604358 -3.88611 1.20072
RE+1_R2_CH26_C  637637126 -3.16088 1.38487
RE-1_R3_CH26_A  637571592 0 0
RE-1_R3_CH26_B  637604360 0 0
RE-1_R3_CH26_C  637637128 0 0
RE+1_R3_CH26_A  637571594 0.195456 3.28746
RE+1_R3_CH26_B  637604362 0.000760819 3.53637
RE+1_R3_CH26_C  637637130 0.377888 3.20296
RE-1_R2_CH32_A  637571716 0 0
RE-1_R2_CH32_B  637604484 0 0
RE-1_R2_CH32_C  637637252 0 0
RE+1_R2_CH32_A  637571718 -4.74344 1.93544
RE+1_R2_CH32_B  637604486 -3.90194 2.45338
RE+1_R2_CH32_C  637637254 -3.35981 1.98123
RE-1_R3_CH32_A  637571720 0 0
RE-1_R3_CH32_B  637604488 0 0
RE-1_R3_CH32_C  637637256 0 0
RE+1_R3_CH32_A  637571722 0 0
RE+1_R3_CH32_B  637604490 0 0
RE+1_R3_CH32_C  637637258 0 0
RE-1_R2_CH03_A  637575172 0 0
RE-1_R2_CH03_B  637607940 0 0
RE-1_R2_CH03_C  637640708 0 0
RE+1_R2_CH03_A  637575174 0.324747 6.23853
RE+1_R2_CH03_B  637607942 0.0777289 5.83588
RE+1_R2_CH03_C  637640710 0.138525 5.19728
RE-1_R3_CH03_A  637575176 0 0
RE-1_R3_CH03_B  637607944 0 0
RE-1_R3_CH03_C  637640712 0 0
RE+1_R3_CH03_A  637575178 0.257915 3.2498
RE+1_R3_CH03_B  637607946 0.598717 3.58513
RE+1_R3_CH03_C  637640714 1.11451 3.28177
RE-1_R2_CH09_A  637575300 0 0
RE-1_R2_CH09_B  637608068 0 0
RE-1_R2_CH09_C  637640836 0 0
RE+1_R2_CH09_A  637575302 0.7573 6.01511
RE+1_R2_CH09_B  637608070 0.0833261 5.55891
RE+1_R2_CH09_C  637640838 0.402217 4.83331
RE-1_R3_CH09_A  637575304 0 0
RE-1_R3_CH09_B  637608072 0 0
RE-1_R3_CH09_C  637640840 0 0
RE+1_R3_CH09_A  637575306 0.344108 2.40089
RE+1_R3_CH09_B  637608074 0.295921 2.79811
RE+1_R3_CH09_C  637640842 0.072219 2.36366
RE-1_R2_CH15_A  637575428 0 0
RE-1_R2_CH15_B  637608196 0 0
RE-1_R2_CH15_C  637640964 0 0
RE+1_R2_CH15_A  637575430 0.225955 6.27246
RE+1_R2_CH15_B  637608198 -0.129441 5.49564
RE+1_R2_CH15_C  637640966 0.372307 4.69845
RE-1_R3_CH15_A  637575432 0 0
RE-1_R3_CH15_B  637608200 0 0
RE-1_R3_CH15_C  637640968 0 0
RE+1_R3_CH15_A  637575434 0 0
RE+1_R3_CH15_B  637608202 0 0
RE+1_R3_CH15_C  637640970 0 0
RE-1_R2_CH21_A  637575556 0 0
RE-1_R2_CH21_B  637608324 0 0
RE-1_R2_CH21_C  637641092 0 0
RE+1_R2_CH21_A  637575558 -0.207667 5.48163
RE+1_R2_CH21_B  637608326 0.475845 5.29137
RE+1_R2_CH21_C  637641094 -0.235976 4.24413
RE-1_R3_CH21_A  637575560 0 0
RE-1_R3_CH21_B  637608328 0 0
RE-1_R3_CH21_C  637641096 0 0
RE+1_R3_CH21_A  637575562 0.188931 3.45185
RE+1_R3_CH21_B  637608330 1.29915 3.67002
RE+1_R3_CH21_C  637641098 1.2318 3.43026
RE-1_R2_CH27_A  637575684 0 0
RE-1_R2_CH27_B  637608452 0 0
RE-1_R2_CH27_C  637641220 0 0
RE+1_R2_CH27_A  637575686 0.237755 6.02482
RE+1_R2_CH27_B  637608454 -0.494771 5.15179
RE+1_R2_CH27_C  637641222 0.179837 4.35739
RE-1_R3_CH27_A  637575688 0 0
RE-1_R3_CH27_B  637608456 0 0
RE-1_R3_CH27_C  637641224 0 0
RE+1_R3_CH27_A  637575690 0 0
RE+1_R3_CH27_B  637608458 0 0
RE+1_R3_CH27_C  637641226 0 0
RE-1_R2_CH33_A  637575812 0 0
RE-1_R2_CH33_B  637608580 0 0
RE-1_R2_CH33_C  637641348 0 0
RE+1_R2_CH33_A  637575814 0.612478 5.56897
RE+1_R2_CH33_B  637608582 -0.453992 5.85302
RE+1_R2_CH33_C  637641350 0.189806 4.70922
RE-1_R3_CH33_A  637575816 0 0
RE-1_R3_CH33_B  637608584 0 0
RE-1_R3_CH33_C  637641352 0 0
RE+1_R3_CH33_A  637575818 0 0
RE+1_R3_CH33_B  637608586 0 0
RE+1_R3_CH33_C  637641354 0 0
RE-1_R2_CH04_A  637579268 0 0
RE-1_R2_CH04_B  637612036 0 0
RE-1_R2_CH04_C  637644804 0 0
RE+1_R2_CH04_A  637579270 -4.30124 1.42752
RE+1_R2_CH04_B  637612038 -3.74783 1.2903
RE+1_R2_CH04_C  637644806 -3.10326 1.32218
RE-1_R3_CH04_A  637579272 0 0
RE-1_R3_CH04_B  637612040 0 0
RE-1_R3_CH04_C  637644808 0 0
RE+1_R3_CH04_A  637579274 -0.050719 3.22948
RE+1_R3_CH04_B  637612042 0.450975 3.4971
RE+1_R3_CH04_C  637644810 0.755164 3.16401
RE-1_R2_CH10_A  637579396 0 0
RE-1_R2_CH10_B  637612164 0 0
RE-1_R2_CH10_C  637644932 0 0
RE+1_R2_CH10_A  637579398 0 0
RE+1_R2_CH10_B  637612166 0 0
RE+1_R2_CH10_C  637644934 0 0
RE-1_R3_CH10_A  637579400 0 0
RE-1_R3_CH10_B  637612168 0 0
RE-1_R3_CH10_C  637644936 0 0
RE+1_R3_CH10_A  637579402 0.235776 2.79507
RE+1_R3_CH10_B  637612170 -0.151435 3.09161
RE+1_R3_CH10_C  637644938 -0.208582 2.79148
RE-1_R2_CH16_A  637579524 0 0
RE-1_R2_CH16_B  637612292 0 0
RE-1_R2_CH16_C  637645060 0 0
RE+1_R2_CH16_A  637579526 -4.81578 1.73057
RE+1_R2_CH16_B  637612294 -4.03338 1.79312
RE+1_R2_CH16_C  637645062 -3.19719 1.97539
RE-1_R3_CH16_A  637579528 0 0
RE-1_R3_CH16_B  637612296 0 0
RE-1_R3_CH16_C  637645064 0 0
RE+1_R3_CH16_A  637579530 -0.456201 3.22155
RE+1_R3_CH16_B  637612298 -0.420489 3.41649
RE+1_R3_CH16_C  637645066 -1.16272 3.34558
RE-1_R2_CH22_A  637579652 0 0
RE-1_R2_CH22_B  637612420 0 0
RE-1_R2_CH22_C  637645188 0 0
RE+1_R2_CH22_A  637579654 -4.38035 1.85336
RE+1_R2_CH22_B  637612422 -3.68764 1.58175
RE+1_R2_CH22_C  637645190 -2.92636 1.82313
RE-1_R3_CH22_A  637579656 0 0
RE-1_R3_CH22_B  637612424 0 0
RE-1_R3_CH22_C  637645192 0 0
RE+1_R3_CH22_A  637579658 0.247868 4.27561
RE+1_R3_CH22_B  637612426 0.431065 4.06002
RE+1_R3_CH22_C  637645194 0.746574 3.64692
RE-1_R2_CH28_A  637579780 0 0
RE-1_R2_CH28_B  637612548 0 0
RE-1_R2_CH28_C  637645316 0 0
RE+1_R2_CH28_A  637579782 0 0
RE+1_R2_CH28_B  637612550 0 0
RE+1_R2_CH28_C  637645318 0 0
RE-1_R3_CH28_A  637579784 0 0
RE-1_R3_CH28_B  637612552 0 0
RE-1_R3_CH28_C  637645320 0 0
RE+1_R3_CH28_A  637579786 0.425748 3.22169
RE+1_R3_CH28_B  637612554 -0.429187 3.46835
RE+1_R3_CH28_C  637645322 -0.853306 3.04009
RE-1_R2_CH34_A  637579908 0 0
RE-1_R2_CH34_B  637612676 0 0
RE-1_R2_CH34_C  637645444 0 0
RE+1_R2_CH34_A  637579910 -4.57596 1.61599
RE+1_R2_CH34_B  637612678 -4.15981 1.73849
RE+1_R2_CH34_C  637645446 -3.25214 1.81904
RE-1_R3_CH34_A  637579912 0 0
RE-1_R3_CH34_B  637612680 0 0
RE-1_R3_CH34_C  637645448 0 0
RE+1_R3_CH34_A  637579914 0.441578 4.16331
RE+1_R3_CH34_B  637612682 -0.271137 3.71213
RE+1_R3_CH34_C  637645450 -0.848876 3.98032
RE-1_R2_CH05_A  637583364 0 0
RE-1_R2_CH05_B  637616132 0 0
RE-1_R2_CH05_C  637648900 0 0
RE+1_R2_CH05_A  637583366 -0.361146 6.49259
RE+1_R2_CH05_B  637616134 0.0652794 5.60054
RE+1_R2_CH05_C  637648902 0.0594654 4.74827
RE-1_R3_CH05_A  637583368 0 0
RE-1_R3_CH05_B  637616136 0 0
RE-1_R3_CH05_C  637648904 0 0
RE+1_R3_CH05_A  637583370 -0.0483824 3.05765
RE+1_R3_CH05_B  637616138 0.490855 3.23435
RE+1_R3_CH05_C  637648906 0.735156 2.9253
RE-1_R2_CH11_A  637583492 0 0
RE-1_R2_CH11_B  637616260 0 0
RE-1_R2_CH11_C  637649028 0 0
RE+1_R2_CH11_A  637583494 1.29604 6.17229
RE+1_R2_CH11_B  637616262 0.285687 5.6957
RE+1_R2_CH11_C  637649030 0.348024 4.3666
RE-1_R3_CH11_A  637583496 0 0
RE-1_R3_CH11_B  637616264 0 0
RE-1_R3_CH11_C  637649032 0 0
RE+1_R3_CH11_A  637583498 0.346959 2.51031
RE+1_R3_CH11_B  637616266 -0.329707 2.69114
RE+1_R3_CH11_C  637649034 -0.46506 2.44644
RE-1_R2_CH17_A  637583620 0 0
RE-1_R2_CH17_B  637616388 0 0
RE-1_R2_CH17_C  637649156 0 0
RE+1_R2_CH17_A  637583622 0.153824 6.55172
RE+1_R2_CH17_B  637616390 -1.28353 5.51675
RE+1_R2_CH17_C  637649158 -0.50426 4.21252
RE-1_R3_CH17_A  637583624 0 0
RE-1_R3_CH17_B  637616392 0 0
RE-1_R3_CH17_C  637649160 0 0
RE+1_R3_CH17_A  637583626 -0.353196 3.30316
RE+1_R3_CH17_B  637616394 -0.574228 3.41917
RE+1_R3_CH17_C  637649162 -0.5189 3.31466
RE-1_R2_CH23_A  637583748 0 0
RE-1_R2_CH23_B  637616516 0 0
RE-1_R2_CH23_C  637649284 0 0
RE+1_R2_CH23_A  637583750 0.143267 5.9018
RE+1_R2_CH23_B  637616518 -0.138984 5.66321
RE+1_R2_CH23_C  637649286 -0.280473 4.54325
RE-1_R3_CH23_A  637583752 0 0
RE-1_R3_CH23_B  637616520 0 0
RE-1_R3_CH23_C  637649288 0 0
RE+1_R3_CH23_A  637583754 0.0320384 3.23528
RE+1_R3_CH23_B  637616522 0.379303 4.03755
RE+1_R3_CH23_C  637649290 1.11852 2.79356
RE-1_R2_CH29_A  637583876 0 0
RE-1_R2_CH29_B  637616644 0 0
RE-1_R2_CH29_C  637649412 0 0
RE+1_R2_CH29_A  637583878 -0.34113 5.87119
RE+1_R2_CH29_B  637616646 0.149286 5.72423
RE+1_R2_CH29_C  637649414 -0.606595 4.48897
RE-1_R3_CH29_A  637583880 0 0
RE-1_R3_CH29_B  637616648 0 0
RE-1_R3_CH29_C  637649416 0 0
RE+1_R3_CH29_A  637583882 -0.240425 2.56776
RE+1_R3_CH29_B  637616650 -0.728186 3.19454
RE+1_R3_CH29_C  637649418 -1.21018 2.99132
RE-1_R2_CH35_A  637584004 0 0
RE-1_R2_CH35_B  637616772 0 0
RE-1_R2_CH35_C  637649540 0 0
RE+1_R2_CH35_A  637584006 -0.312032 6.01649
RE+1_R2_CH35_B  637616774 1.28034 4.81349
RE+1_R2_CH35_C  637649542 -1.20104 4.2477
RE-1_R3_CH35_A  637584008 0 0
RE-1_R3_CH35_B  637616776 0 0
RE-1_R3_CH35_C  637649544 0 0
RE+1_R3_CH35_A  637584010 0.358944 3.68413
RE+1_R3_CH35_B  637616778 0.379155 3.75549
RE+1_R3_CH35_C  637649546 0.296192 3.47175
RE-1_R2_CH06_A  637587460 0 0
RE-1_R2_CH06_B  637620228 0 0
RE-1_R2_CH06_C  637652996 0 0
RE+1_R2_CH06_A  637587462 -4.43747 1.32086
RE+1_R2_CH06_B  637620230 -3.93368 1.14832
RE+1_R2_CH06_C  637652998 -3.28532 1.4076
RE-1_R3_CH06_A  637587464 0 0
RE-1_R3_CH06_B  637620232 0 0
RE-1_R3_CH06_C  637653000 0 0
RE+1_R3_CH06_A  637587466 -0.25976 2.97388
RE+1_R3_CH06_B  637620234 0.33135 3.12166
RE+1_R3_CH06_C  637653002 0.846598 2.82584
RE-1_R2_CH12_A  637587588 0 0
RE-1_R2_CH12_B  637620356 0 0
RE-1_R2_CH12_C  637653124 0 0
RE+1_R2_CH12_A  637587590 -4.66986 1.34351
RE+1_R2_CH12_B  637620358 -4.13597 1.09695
RE+1_R2_CH12_C  637653126 -3.42241 1.34913
RE-1_R3_CH12_A  637587592 0 0
RE-1_R3_CH12_B  637620360 0 0
RE-1_R3_CH12_C  637653128 0 0
RE+1_R3_CH12_A  637587594 0.403594 2.76718
RE+1_R3_CH12_B  637620362 -0.430466 2.86104
RE+1_R3_CH12_C  637653130 -0.895059 2.8364
RE-1_R2_CH18_A  637587716 0 0
RE-1_R2_CH18_B  637620484 0 0
RE-1_R2_CH18_C  637653252 0 0
RE+1_R2_CH18_A  637587718 -4.49652 2.04157
RE+1_R2_CH18_B  637620486 -4.27609 1.55719
RE+1_R2_CH18_C  637653254 -3.26006 1.92294
RE-1_R3_CH18_A  637587720 0 0
RE-1_R3_CH18_B  637620488 0 0
RE-1_R3_CH18_C  637653256 0 0
RE+1_R3_CH18_A  637587722 0.326106 3.75492
RE+1_R3_CH18_B  637620490 0.211513 3.69551
RE+1_R3_CH18_C  637653258 0.0198871 3.53681
RE-1_R2_CH24_A  637587844 0 0
RE-1_R2_CH24_B  637620612 0 0
RE-1_R2_CH24_C  637653380 0 0
RE+1_R2_CH24_A  637587846 -3.97655 3.96642
RE+1_R2_CH24_B  637620614 -3.54786 1.29043
RE+1_R2_CH24_C  637653382 -2.90345 1.52783
RE-1_R3_CH24_A  637587848 0 0
RE-1_R3_CH24_B  637620616 0 0
RE-1_R3_CH24_C  637653384 0 0
RE+1_R3_CH24_A  637587850 0 0
RE+1_R3_CH24_B  637620618 0 0
RE+1_R3_CH24_C  637653386 0 0
RE-1_R2_CH30_A  637587972 0 0
RE-1_R2_CH30_B  637620740 0 0
RE-1_R2_CH30_C  637653508 0 0
RE+1_R2_CH30_A  637587974 -4.791 1.52837
RE+1_R2_CH30_B  637620742 -4.23232 1.33432
RE+1_R2_CH30_C  637653510 -3.27658 1.51345
RE-1_R3_CH30_A  637587976 0 0
RE-1_R3_CH30_B  637620744 0 0
RE-1_R3_CH30_C  637653512 0 0
RE+1_R3_CH30_A  637587978 0.356469 3.02911
RE+1_R3_CH30_B  637620746 -0.680086 3.68176
RE+1_R3_CH30_C  637653514 -1.13679 3.57259
RE-1_R2_CH36_A  637588100 0 0
RE-1_R2_CH36_B  637620868 0 0
RE-1_R2_CH36_C  637653636 0 0
RE+1_R2_CH36_A  637588102 -4.6093 1.62402
RE+1_R2_CH36_B  637620870 -4.01703 1.7572
RE+1_R2_CH36_C  637653638 1.82933 3.29083
RE-1_R3_CH36_A  637588104 0 0
RE-1_R3_CH36_B  637620872 0 0
RE-1_R3_CH36_C  637653640 0 0
RE+1_R3_CH36_A  637588106 0.139999 3.82281
RE+1_R3_CH36_B  637620874 0.351874 3.97801
RE+1_R3_CH36_C  637653642 -0.0225689 3.83912
W-2_RB1out_S01_Backward  637569037 -0.0518025 1.61011
W-2_RB1out_S01_Forward  637634573 0.0207157 1.73586
W-1_RB1out_S01_Backward  637569041 -0.0677067 1.64696
W-1_RB1out_S01_Forward  637634577 -0.0634477 1.71367
W+0_RB1out_S01_Backward  637569045 0.0809743 1.62853
W+0_RB1out_S01_Forward  637634581 -0.0329892 1.76944
W+1_RB1out_S01_Backward  637569049 0.214592 1.58172
W+1_RB1out_S01_Forward  637634585 0.0657243 1.59701
W+2_RB1out_S01_Backward  637569053 -0.0274225 1.69033
W+2_RB1out_S01_Forward  637634589 -0.0922696 1.80388
W-2_RB1out_S02_Backward  637569165 -0.179714 1.50227
W-2_RB1out_S02_Forward  637634701 -0.202018 1.48075
W-1_RB1out_S02_Backward  637569169 -0.0930179 1.5364
W-1_RB1out_S02_Forward  637634705 -0.140287 1.98704
W+0_RB1out_S02_Backward  637569173 0.387209 1.56063
W+0_RB1out_S02_Forward  637634709 0.115087 1.67611
W+1_RB1out_S02_Backward  637569177 0.0188615 1.48721
W+1_RB1out_S02_Forward  637634713 0.0228197 1.50344
W+2_RB1out_S02_Backward  637569181 0.0263935 1.3972
W+2_RB1out_S02_Forward  637634717 0.0085931 1.48187
W-2_RB1out_S03_Backward  637569293 0.0390596 1.21334
W-2_RB1out_S03_Forward  637634829 -0.0122276 1.21537
W-1_RB1out_S03_Backward  637569297 0.035106 1.12628
W-1_RB1out_S03_Forward  637634833 -0.148899 1.67623
W+0_RB1out_S03_Backward  637569301 -0.0116639 1.22671
W+0_RB1out_S03_Forward  637634837 -0.00355876 1.25788
W+1_RB1out_S03_Backward  637569305 -0.128299 1.18502
W+1_RB1out_S03_Forward  637634841 0.236434 1.62657
W+2_RB1out_S03_Backward  637569309 -0.14242 1.12743
W+2_RB1out_S03_Forward  637634845 -0.0366665 1.31543
W-2_RB1out_S04_Backward  637569421 -0.0524433 1.0593
W-2_RB1out_S04_Forward  637634957 0.0552885 1.23521
W-1_RB1out_S04_Backward  637569425 0.103703 1.11124
W-1_RB1out_S04_Forward  637634961 -0.175737 1.04336
W+0_RB1out_S04_Backward  637569429 0.0329322 1.11367
W+0_RB1out_S04_Forward  637634965 -0.00176293 1.20465
W+1_RB1out_S04_Backward  637569433 -0.216056 1.10039
W+1_RB1out_S04_Forward  637634969 -0.0264707 1.50338
W+2_RB1out_S04_Backward  637569437 -0.15184 1.11111
W+2_RB1out_S04_Forward  637634973 0.0702156 1.12661
W-2_RB1out_S05_Backward  637569549 0.125096 1.14226
W-2_RB1out_S05_Forward  637635085 0.043049 1.20866
W-1_RB1out_S05_Backward  637569553 0.217597 1.13665
W-1_RB1out_S05_Forward  637635089 0.114522 1.13633
W+0_RB1out_S05_Backward  637569557 0.129307 1.24569
W+0_RB1out_S05_Forward  637635093 0.293737 1.21015
W+1_RB1out_S05_Backward  637569561 -0.101428 1.13292
W+1_RB1out_S05_Forward  637635097 -0.0548274 1.22795
W+2_RB1out_S05_Backward  637569565 -0.106254 1.13879
W+2_RB1out_S05_Forward  637635101 -0.170265 1.16652
W-2_RB1out_S06_Backward  637569677 0.41084 1.51672
W-2_RB1out_S06_Forward  637635213 0.315933 1.53992
W-1_RB1out_S06_Backward  637569681 0.356187 1.51073
W-1_RB1out_S06_Forward  637635217 0.267576 1.8228
W+0_RB1out_S06_Backward  637569685 -0.150347 1.48075
W+0_RB1out_S06_Forward  637635221 -0.283331 1.65478
W+1_RB1out_S06_Backward  637569689 -0.685942 2.54649
W+1_RB1out_S06_Forward  637635225 -0.537419 2.7267
W+2_RB1out_S06_Backward  637569693 -0.136736 1.33776
W+2_RB1out_S06_Forward  637635229 -0.270021 1.38491
W-2_RB1out_S07_Backward  637569805 0.221499 1.51009
W-2_RB1out_S07_Forward  637635341 0.377682 1.46044
W-1_RB1out_S07_Backward  637569809 0.0960241 1.64258
W-1_RB1out_S07_Forward  637635345 -0.0455893 1.69587
W+0_RB1out_S07_Backward  637569813 -0.068012 1.66063
W+0_RB1out_S07_Forward  637635349 -0.197602 1.78743
W+1_RB1out_S07_Backward  637569817 0 0
W+1_RB1out_S07_Forward  637635353 0 0
W+2_RB1out_S07_Backward  637569821 -0.137461 1.53922
W+2_RB1out_S07_Forward  637635357 -0.205352 1.56643
W-2_RB1out_S08_Backward  637569933 0.0818946 1.3184
W-2_RB1out_S08_Forward  637635469 0.0759044 1.43934
W-1_RB1out_S08_Backward  637569937 0.0875309 1.33648
W-1_RB1out_S08_Forward  637635473 0.095373 1.47766
W+0_RB1out_S08_Backward  637569941 0.169141 1.3694
W+0_RB1out_S08_Forward  637635477 0.132026 1.6012
W+1_RB1out_S08_Backward  637569945 -0.242789 1.38381
W+1_RB1out_S08_Forward  637635481 -0.136035 1.63077
W+2_RB1out_S08_Backward  637569949 -0.162719 1.43672
W+2_RB1out_S08_Forward  637635485 -0.126023 1.55005
W-2_RB1out_S09_Backward  637570061 0.234439 1.0119
W-2_RB1out_S09_Forward  637635597 0.243065 1.06161
W-1_RB1out_S09_Backward  637570065 -0.0272789 1.12467
W-1_RB1out_S09_Forward  637635601 0.0916441 1.58892
W+0_RB1out_S09_Backward  637570069 0.18723 1.36498
W+0_RB1out_S09_Forward  637635605 0.141285 1.20003
W+1_RB1out_S09_Backward  637570073 0.466743 1.0922
W+1_RB1out_S09_Forward  637635609 0.270421 1.24613
W+2_RB1out_S09_Backward  637570077 -0.142864 1.18325
W+2_RB1out_S09_Forward  637635613 -0.0407758 1.3884
W-2_RB1out_S10_Backward  637570189 -0.0838003 1.11934
W-2_RB1out_S10_Forward  637635725 0.0025983 1.33526
W-1_RB1out_S10_Backward  637570193 0.170033 1.0944
W-1_RB1out_S10_Forward  637635729 0.295748 1.11698
W+0_RB1out_S10_Backward  637570197 -0.0612456 1.09412
W+0_RB1out_S10_Forward  637635733 0.0351094 1.17336
W+1_RB1out_S10_Backward  637570201 -0.165346 1.10933
W+1_RB1out_S10_Forward  637635737 -0.127583 1.20469
W+2_RB1out_S10_Backward  637570205 -0.0907977 1.12013
W+2_RB1out_S10_Forward  637635741 -0.0196319 1.15541
W-2_RB1out_S11_Backward  637570317 0.179653 1.06063
W-2_RB1out_S11_Forward  637635853 0.213058 1.13134
W-1_RB1out_S11_Backward  637570321 -0.0339258 1.11027
W-1_RB1out_S11_Forward  637635857 -0.0314941 1.20069
W+0_RB1out_S11_Backward  637570325 -0.137961 1.19805
W+0_RB1out_S11_Forward  637635861 -0.170229 1.30274
W+1_RB1out_S11_Backward  637570329 -0.0161848 1.25734
W+1_RB1out_S11_Forward  637635865 0.00921776 1.19019
W+2_RB1out_S11_Backward  637570333 -0.0514776 1.25277
W+2_RB1out_S11_Forward  637635869 -0.102635 1.30082
W-2_RB1out_S12_Backward  637570445 -0.171383 1.41181
W-2_RB1out_S12_Forward  637635981 -0.108193 1.4437
W-1_RB1out_S12_Backward  637570449 0.324632 1.43647
W-1_RB1out_S12_Forward  637635985 0.140959 1.43932
W+0_RB1out_S12_Backward  637570453 0.0523661 1.41937
W+0_RB1out_S12_Forward  637635989 0 0
W+1_RB1out_S12_Backward  637570457 -0.0462248 1.49487
W+1_RB1out_S12_Forward  637635993 -0.208036 1.58195
W+2_RB1out_S12_Backward  637570461 -0.0896524 1.54183
W+2_RB1out_S12_Forward  637635997 -0.00343082 1.82137
RE-2_R2_CH01_A  637567012 0 0
RE-2_R2_CH01_B  637599780 0 0
RE-2_R2_CH01_C  637632548 0 0
RE+2_R2_CH01_A  637567014 1.10719 6.2913
RE+2_R2_CH01_B  637599782 -0.697137 6.38757
RE+2_R2_CH01_C  637632550 0.866314 4.45899
RE-2_R3_CH01_A  637567016 0 0
RE-2_R3_CH01_B  637599784 0 0
RE-2_R3_CH01_C  637632552 0 0
RE+2_R3_CH01_A  637567018 -4.01711 8.44921
RE+2_R3_CH01_B  637599786 0.431077 7.4386
RE+2_R3_CH01_C  637632554 -0.977552 7.81298
W-2_RB2in_S01_Backward  637567021 0.316091 1.3553
W-2_RB2in_S01_Forward  637632557 0.0488391 1.63279
W-1_RB2in_S01_Backward  637567025 0.34949 1.60329
W-1_RB2in_S01_Middle  637599793 0.258886 1.53672
W-1_RB2in_S01_Forward  637632561 0.157731 1.66045
W+0_RB2in_S01_Backward  637567029 0.215529 1.66808
W+0_RB2in_S01_Middle  637599797 0.165053 1.67366
W+0_RB2in_S01_Forward  637632565 0.0850733 1.82206
W+1_RB2in_S01_Backward  637567033 -0.233872 1.59444
W+1_RB2in_S01_Middle  637599801 -0.0115948 1.63034
W+1_RB2in_S01_Forward  637632569 -0.0230468 2.16628
W+2_RB2in_S01_Backward  637567037 3.97982 1.57192
W+2_RB2in_S01_Forward  637632573 3.8854 1.6445
RE-2_R2_CH07_A  637567140 0 0
RE-2_R2_CH07_B  637599908 0 0
RE-2_R2_CH07_C  637632676 0 0
RE+2_R2_CH07_A  637567142 -0.337937 6.73559
RE+2_R2_CH07_B  637599910 -0.134072 5.61881
RE+2_R2_CH07_C  637632678 -3.46509 3.68715
RE-2_R3_CH07_A  637567144 0 0
RE-2_R3_CH07_B  637599912 0 0
RE-2_R3_CH07_C  637632680 0 0
RE+2_R3_CH07_A  637567146 -0.0286901 9.73438
RE+2_R3_CH07_B  637599914 0.00618737 8.473
RE+2_R3_CH07_C  637632682 -0.59521 7.85903
W-2_RB2in_S02_Backward  637567149 0.0331837 1.34236
W-2_RB2in_S02_Forward  637632685 0.0386628 1.45891
W-1_RB2in_S02_Backward  637567153 0.0564195 1.51779
W-1_RB2in_S02_Middle  637599921 0.0346192 1.44143
W-1_RB2in_S02_Forward  637632689 -0.0886363 1.8286
W+0_RB2in_S02_Backward  637567157 3.53234 1.58385
W+0_RB2in_S02_Middle  637599925 3.6182 1.69032
W+0_RB2in_S02_Forward  637632693 3.61707 1.60575
W+1_RB2in_S02_Backward  637567161 -0.0665284 1.33394
W+1_RB2in_S02_Middle  637599929 0.218117 1.32034
W+1_RB2in_S02_Forward  637632697 0.153846 1.39702
W+2_RB2in_S02_Backward  637567165 0.0588484 1.29291
W+2_RB2in_S02_Forward  637632701 -0.235867 1.54584
RE-2_R2_CH13_A  637567268 0 0
RE-2_R2_CH13_B  637600036 0 0
RE-2_R2_CH13_C  637632804 0 0
RE+2_R2_CH13_A  637567270 -7.81089 3.32344
RE+2_R2_CH13_B  637600038 -7.61943 0.44129
RE+2_R2_CH13_C  637632806 -0.0317001 3.78999
RE-2_R3_CH13_A  637567272 0 0
RE-2_R3_CH13_B  637600040 0 0
RE-2_R3_CH13_C  637632808 0 0
RE+2_R3_CH13_A  637567274 0 0
RE+2_R3_CH13_B  637600042 -0.348601 5.03104
RE+2_R3_CH13_C  637632810 -3.66412 7.21042
W-2_RB2in_S03_Backward  637567277 -0.215151 1.15462
W-2_RB2in_S03_Forward  637632813 -0.220891 1.26216
W-1_RB2in_S03_Backward  637567281 -0.0761544 1.20161
W-1_RB2in_S03_Middle  637600049 -0.186616 1.27265
W-1_RB2in_S03_Forward  637632817 -0.276658 2.01605
W+0_RB2in_S03_Backward  637567285 0.0958047 1.28983
W+0_RB2in_S03_Middle  637600053 -0.109695 1.2722
W+0_RB2in_S03_Forward  637632821 0.310428 1.35245
W+1_RB2in_S03_Backward  637567289 0.13056 1.2771
W+1_RB2in_S03_Middle  637600057 -0.051932 1.40632
W+1_RB2in_S03_Forward  637632825 0.0135437 1.59743
W+2_RB2in_S03_Backward  637567293 0.252713 1.2024
W+2_RB2in_S03_Forward  637632829 0.0787106 1.51987
RE-2_R2_CH19_A  637567396 0 0
RE-2_R2_CH19_B  637600164 0 0
RE-2_R2_CH19_C  637632932 0 0
RE+2_R2_CH19_A  637567398 1.04513 6.59936
RE+2_R2_CH19_B  637600166 0.0949018 6.3066
RE+2_R2_CH19_C  637632934 0.665782 4.07254
RE-2_R3_CH19_A  637567400 0 0
RE-2_R3_CH19_B  637600168 0 0
RE-2_R3_CH19_C  637632936 0 0
RE+2_R3_CH19_A  637567402 1.71707 8.87111
RE+2_R3_CH19_B  637600170 0.576672 7.35658
RE+2_R3_CH19_C  637632938 0.72198 7.30796
W-2_RB2in_S04_Backward  637567405 0.0224148 1.15712
W-2_RB2in_S04_Forward  637632941 0.0618818 1.24197
W-1_RB2in_S04_Backward  637567409 0.0832242 1.32638
W-1_RB2in_S04_Middle  637600177 -0.025287 2.13329
W-1_RB2in_S04_Forward  637632945 -0.127085 2.18433
W+0_RB2in_S04_Backward  637567413 0.223177 1.24331
W+0_RB2in_S04_Middle  637600181 0.0406667 1.22122
W+0_RB2in_S04_Forward  637632949 0.129345 1.2522
W+1_RB2in_S04_Backward  637567417 -0.350215 1.25353
W+1_RB2in_S04_Middle  637600185 -0.0282599 1.32252
W+1_RB2in_S04_Forward  637632953 -0.172189 1.45457
W+2_RB2in_S04_Backward  637567421 0.0452878 1.29104
W+2_RB2in_S04_Forward  637632957 -0.0132408 1.26104
RE-2_R2_CH25_A  637567524 0 0
RE-2_R2_CH25_B  637600292 0 0
RE-2_R2_CH25_C  637633060 0 0
RE+2_R2_CH25_A  637567526 1.63136 6.47887
RE+2_R2_CH25_B  637600294 1.12878 5.59271
RE+2_R2_CH25_C  637633062 2.78446 5.85796
RE-2_R3_CH25_A  637567528 0 0
RE-2_R3_CH25_B  637600296 0 0
RE-2_R3_CH25_C  637633064 0 0
RE+2_R3_CH25_A  637567530 0.767573 10.0436
RE+2_R3_CH25_B  637600298 0.728217 8.8136
RE+2_R3_CH25_C  637633066 0.702284 7.38658
W-2_RB2in_S05_Backward  637567533 0.483509 1.55141
W-2_RB2in_S05_Forward  637633069 0.150258 1.53476
W-1_RB2in_S05_Backward  637567537 0.797433 1.24839
W-1_RB2in_S05_Middle  637600305 0.657397 1.22975
W-1_RB2in_S05_Forward  637633073 0.562791 1.46683
W+0_RB2in_S05_Backward  637567541 -0.116514 1.23636
W+0_RB2in_S05_Middle  637600309 -0.0425398 1.26105
W+0_RB2in_S05_Forward  637633077 0.0756623 1.49811
W+1_RB2in_S05_Backward  637567545 0.0813792 1.24139
W+1_RB2in_S05_Middle  637600313 0.0856713 1.2304
W+1_RB2in_S05_Forward  637633081 -0.0494927 1.42372
W+2_RB2in_S05_Backward  637567549 0.179737 1.17926
W+2_RB2in_S05_Forward  637633085 0.0209891 1.543
RE-2_R2_CH31_A  637567652 0 0
RE-2_R2_CH31_B  637600420 0 0
RE-2_R2_CH31_C  637633188 0 0
RE+2_R2_CH31_A  637567654 0 0
RE+2_R2_CH31_B  637600422 -0.774141 4.94467
RE+2_R2_CH31_C  637633190 -1.63312 5.52699
RE-2_R3_CH31_A  637567656 0 0
RE-2_R3_CH31_B  637600424 0 0
RE-2_R3_CH31_C  637633192 0 0
RE+2_R3_CH31_A  637567658 1.67668 8.46785
RE+2_R3_CH31_B  637600426 -1.92249 8.00226
RE+2_R3_CH31_C  637633194 0.10668 7.48545
W-2_RB2in_S06_Backward  637567661 0.323845 1.44583
W-2_RB2in_S06_Forward  637633197 -0.232676 1.47689
W-1_RB2in_S06_Backward  637567665 -0.206522 1.56604
W-1_RB2in_S06_Middle  637600433 -0.0725658 2.05041
W-1_RB2in_S06_Forward  637633201 0.0577518 1.74304
W+0_RB2in_S06_Backward  637567669 -0.119916 1.37648
W+0_RB2in_S06_Middle  637600437 -0.108539 1.39312
W+0_RB2in_S06_Forward  637633205 0.0193161 1.72373
W+1_RB2in_S06_Backward  637567673 0.124312 1.37417
W+1_RB2in_S06_Middle  637600441 0.239124 1.69474
W+1_RB2in_S06_Forward  637633209 0.141401 1.76699
W+2_RB2in_S06_Backward  637567677 0.137521 1.34122
W+2_RB2in_S06_Forward  637633213 -0.301517 1.49863
W-2_RB2in_S07_Backward  637567789 -0.134402 1.34677
W-2_RB2in_S07_Forward  637633325 -0.17207 1.35944
W-1_RB2in_S07_Backward  637567793 0.00658635 1.45951
W-1_RB2in_S07_Middle  637600561 -0.051749 1.3526
W-1_RB2in_S07_Forward  637633329 -0.164296 1.74393
W+0_RB2in_S07_Backward  637567797 0.0787484 1.48907
W+0_RB2in_S07_Middle  637600565 0.0791792 1.47126
W+0_RB2in_S07_Forward  637633333 0.131967 1.47671
W+1_RB2in_S07_Backward  637567801 0 0
W+1_RB2in_S07_Middle  637600569 0 0
W+1_RB2in_S07_Forward  637633337 -0.924821 4.13059
W+2_RB2in_S07_Backward  637567805 0 0
W+2_RB2in_S07_Forward  637633341 0 0
W-2_RB2in_S08_Backward  637567917 -0.00834611 1.2841
W-2_RB2in_S08_Forward  637633453 -0.04517 1.571
W-1_RB2in_S08_Backward  637567921 -0.488628 3.24205
W-1_RB2in_S08_Middle  637600689 -0.323805 3.26167
W-1_RB2in_S08_Forward  637633457 -0.284526 3.50206
W+0_RB2in_S08_Backward  637567925 -0.325778 1.35559
W+0_RB2in_S08_Middle  637600693 -0.165052 2.08407
W+0_RB2in_S08_Forward  637633461 -0.16818 1.39521
W+1_RB2in_S08_Backward  637567929 0.473175 1.31723
W+1_RB2in_S08_Middle  637600697 0.448901 1.26947
W+1_RB2in_S08_Forward  637633465 0.392245 1.37566
W+2_RB2in_S08_Backward  637567933 0.551945 1.18908
W+2_RB2in_S08_Forward  637633469 0.460511 1.56483
W-2_RB2in_S09_Backward  637568045 -0.163517 1.1403
W-2_RB2in_S09_Forward  637633581 -0.228149 1.30958
W-1_RB2in_S09_Backward  637568049 -0.256432 1.2301
W-1_RB2in_S09_Middle  637600817 -0.229321 1.30582
W-1_RB2in_S09_Forward  637633585 -0.322804 1.21039
W+0_RB2in_S09_Backward  637568053 -0.362746 1.22547
W+0_RB2in_S09_Middle  637600821 -0.438949 1.29318
W+0_RB2in_S09_Forward  637633589 -0.100842 1.45466
W+1_RB2in_S09_Backward  637568057 0.219558 1.25548
W+1_RB2in_S09_Middle  637600825 0.146712 1.24096
W+1_RB2in_S09_Forward  637633593 0.145335 1.26852
W+2_RB2in_S09_Backward  637568061 0.456937 1.19868
W+2_RB2in_S09_Forward  637633597 0.203135 1.41765
W-2_RB2in_S10_Backward  637568173 0 0
W-2_RB2in_S10_Forward  637633709 0 0
W-1_RB2in_S10_Backward  637568177 -0.0342344 1.74453
W-1_RB2in_S10_Middle  637600945 0.00556999 1.6899
W-1_RB2in_S10_Forward  637633713 0.0198461 1.67742
W+0_RB2in_S10_Backward  637568181 0.0399326 1.25894
W+0_RB2in_S10_Middle  637600949 -0.0108368 1.22364
W+0_RB2in_S10_Forward  637633717 0.0576407 1.23262
W+1_RB2in_S10_Backward  637568185 0.380856 1.2359
W+1_RB2in_S10_Middle  637600953 0.366709 1.20494
W+1_RB2in_S10_Forward  637633721 0.200416 1.23361
W+2_RB2in_S10_Backward  637568189 0.17802 1.31305
W+2_RB2in_S10_Forward  637633725 0.0635397 1.34602
W-2_RB2in_S11_Backward  637568301 0 0
W-2_RB2in_S11_Forward  637633837 0 0
W-1_RB2in_S11_Backward  637568305 -0.0174701 1.51323
W-1_RB2in_S11_Middle  637601073 0.0775344 1.25839
W-1_RB2in_S11_Forward  637633841 0.199897 1.23828
W+0_RB2in_S11_Backward  637568309 0.0728722 1.20599
W+0_RB2in_S11_Middle  637601077 0.171313 1.22772
W+0_RB2in_S11_Forward  637633845 -0.152945 1.3132
W+1_RB2in_S11_Backward  637568313 -0.296655 1.29383
W+1_RB2in_S11_Middle  637601081 -0.346138 1.23686
W+1_RB2in_S11_Forward  637633849 -0.301724 1.31466
W+2_RB2in_S11_Backward  637568317 0.052504 1.16806
W+2_RB2in_S11_Forward  637633853 0.193473 1.34891
W-2_RB2in_S12_Backward  637568429 0.105659 1.37715
W-2_RB2in_S12_Forward  637633965 0.284495 1.59852
W-1_RB2in_S12_Backward  637568433 -0.0492188 1.34268
W-1_RB2in_S12_Middle  637601201 0.0910956 1.53512
W-1_RB2in_S12_Forward  637633969 0.243926 1.64309
W+0_RB2in_S12_Backward  637568437 0.456251 1.38108
W+0_RB2in_S12_Middle  637601205 0.126936 2.01638
W+0_RB2in_S12_Forward  637633973 0.201621 1.51743
W+1_RB2in_S12_Backward  637568441 0.0493863 1.46246
W+1_RB2in_S12_Middle  637601209 0.0162373 1.47997
W+1_RB2in_S12_Forward  637633977 -0.0512262 1.73548
W+2_RB2in_S12_Backward  637568445 -0.225461 1.3334
W+2_RB2in_S12_Forward  637633981 -0.135093 1.2931
RE-2_R2_CH02_A  637571108 0 0
RE-2_R2_CH02_B  637603876 0 0
RE-2_R2_CH02_C  637636644 0 0
RE+2_R2_CH02_A  637571110 -1.01181 6.51567
RE+2_R2_CH02_B  637603878 1.60864 5.67591
RE+2_R2_CH02_C  637636646 0.0862405 4.85045
RE-2_R3_CH02_A  637571112 0 0
RE-2_R3_CH02_B  637603880 0 0
RE-2_R3_CH02_C  637636648 0 0
RE+2_R3_CH02_A  637571114 1.7873 9.81495
RE+2_R3_CH02_B  637603882 -0.154133 7.47144
RE+2_R3_CH02_C  637636650 -2.79632 7.3877
RE-2_R2_CH08_A  637571236 0 0
RE-2_R2_CH08_B  637604004 0 0
RE-2_R2_CH08_C  637636772 0 0
RE+2_R2_CH08_A  637571238 1.60224 6.29763
RE+2_R2_CH08_B  637604006 -0.503356 5.25688
RE+2_R2_CH08_C  637636774 0.579471 4.96445
RE-2_R3_CH08_A  637571240 0 0
RE-2_R3_CH08_B  637604008 0 0
RE-2_R3_CH08_C  637636776 0 0
RE+2_R3_CH08_A  637571242 -0.957448 9.73612
RE+2_R3_CH08_B  637604010 0.509147 9.45337
RE+2_R3_CH08_C  637636778 -1.85348 7.92267
RE-2_R2_CH14_A  637571364 0 0
RE-2_R2_CH14_B  637604132 0 0
RE-2_R2_CH14_C  637636900 0 0
RE+2_R2_CH14_A  637571366 -1.7275 6.63252
RE+2_R2_CH14_B  637604134 -1.24565 5.28177
RE+2_R2_CH14_C  637636902 -0.230997 4.76119
RE-2_R3_CH14_A  637571368 0 0
RE-2_R3_CH14_B  637604136 0 0
RE-2_R3_CH14_C  637636904 0 0
RE+2_R3_CH14_A  637571370 -1.70661 8.90423
RE+2_R3_CH14_B  637604138 0.958192 7.67192
RE+2_R3_CH14_C  637636906 -0.109547 7.21574
RE-2_R2_CH20_A  637571492 0 0
RE-2_R2_CH20_B  637604260 0 0
RE-2_R2_CH20_C  637637028 0 0
RE+2_R2_CH20_A  637571494 -1.49873 6.49545
RE+2_R2_CH20_B  637604262 0.130312 5.34951
RE+2_R2_CH20_C  637637030 -1.06453 4.11037
RE-2_R3_CH20_A  637571496 0 0
RE-2_R3_CH20_B  637604264 0 0
RE-2_R3_CH20_C  637637032 0 0
RE+2_R3_CH20_A  637571498 4.3214 8.81653
RE+2_R3_CH20_B  637604266 -1.22244 7.36514
RE+2_R3_CH20_C  637637034 -0.91059 7.07836
RE-2_R2_CH26_A  637571620 0 0
RE-2_R2_CH26_B  637604388 0 0
RE-2_R2_CH26_C  637637156 0 0
RE+2_R2_CH26_A  637571622 -2.66066 8.14023
RE+2_R2_CH26_B  637604390 0.271577 6.00706
RE+2_R2_CH26_C  637637158 0.240389 6.04645
RE-2_R3_CH26_A  637571624 0 0
RE-2_R3_CH26_B  637604392 0 0
RE-2_R3_CH26_C  637637160 0 0
RE+2_R3_CH26_A  637571626 -2.03462 10.617
RE+2_R3_CH26_B  637604394 0.445859 8.13967
RE+2_R3_CH26_C  637637162 0.0333878 8.09688
RE-2_R2_CH32_A  637571748 0 0
RE-2_R2_CH32_B  637604516 0 0
RE-2_R2_CH32_C  637637284 0 0
RE+2_R2_CH32_A  637571750 0 0
RE+2_R2_CH32_B  637604518 2.53566 5.54893
RE+2_R2_CH32_C  637637286 1.00656 5.56146
RE-2_R3_CH32_A  637571752 0 0
RE-2_R3_CH32_B  637604520 0 0
RE-2_R3_CH32_C  637637288 0 0
RE+2_R3_CH32_A  637571754 -0.438004 2.38224
RE+2_R3_CH32_B  637604522 -3.21318 0
RE+2_R3_CH32_C  637637290 0.80361 0.440185
RE-2_R2_CH03_A  637575204 0 0
RE-2_R2_CH03_B  637607972 0 0
RE-2_R2_CH03_C  637640740 0 0
RE+2_R2_CH03_A  637575206 -0.813308 6.2759
RE+2_R2_CH03_B  637607974 -1.70142 5.8651
RE+2_R2_CH03_C  637640742 -1.87724 5.36221
RE-2_R3_CH03_A  637575208 0 0
RE-2_R3_CH03_B  637607976 0 0
RE-2_R3_CH03_C  637640744 0 0
RE+2_R3_CH03_A  637575210 0 0
RE+2_R3_CH03_B  637607978 1.04498 8.85115
RE+2_R3_CH03_C  637640746 -1.2869 7.94953
RE-2_R2_CH09_A  637575332 0 0
RE-2_R2_CH09_B  637608100 0 0
RE-2_R2_CH09_C  637640868 0 0
RE+2_R2_CH09_A  637575334 -0.453951 6.40166
RE+2_R2_CH09_B  637608102 -1.02928 5.53263
RE+2_R2_CH09_C  637640870 0.0290374 5.17149
RE-2_R3_CH09_A  637575336 0 0
RE-2_R3_CH09_B  637608104 0 0
RE-2_R3_CH09_C  637640872 0 0
RE+2_R3_CH09_A  637575338 2.05677 8.96481
RE+2_R3_CH09_B  637608106 -1.34586 7.104
RE+2_R3_CH09_C  637640874 0.165942 7.56983
RE-2_R2_CH15_A  637575460 0 0
RE-2_R2_CH15_B  637608228 0 0
RE-2_R2_CH15_C  637640996 0 0
RE+2_R2_CH15_A  637575462 0.488945 6.83707
RE+2_R2_CH15_B  637608230 0.364981 5.35393
RE+2_R2_CH15_C  637640998 -0.759838 5.73845
RE-2_R3_CH15_A  637575464 0 0
RE-2_R3_CH15_B  637608232 0 0
RE-2_R3_CH15_C  637641000 0 0
RE+2_R3_CH15_A  637575466 3.23969 8.95949
RE+2_R3_CH15_B  637608234 -0.965062 8.50233
RE+2_R3_CH15_C  637641002 0.00874355 7.5151
RE-2_R2_CH21_A  637575588 0 0
RE-2_R2_CH21_B  637608356 0 0
RE-2_R2_CH21_C  637641124 0 0
RE+2_R2_CH21_A  637575590 -1.14753 6.3323
RE+2_R2_CH21_B  637608358 -1.37142 5.60917
RE+2_R2_CH21_C  637641126 -0.318564 5.83253
RE-2_R3_CH21_A  637575592 0 0
RE-2_R3_CH21_B  637608360 0 0
RE-2_R3_CH21_C  637641128 0 0
RE+2_R3_CH21_A  637575594 0.493498 9.97877
RE+2_R3_CH21_B  637608362 -4.68372 8.76989
RE+2_R3_CH21_C  637641130 0.256882 7.17649
RE-2_R2_CH27_A  637575716 0 0
RE-2_R2_CH27_B  637608484 0 0
RE-2_R2_CH27_C  637641252 0 0
RE+2_R2_CH27_A  637575718 -0.353307 6.93559
RE+2_R2_CH27_B  637608486 -0.299079 5.78567
RE+2_R2_CH27_C  637641254 -1.27337 5.67387
RE-2_R3_CH27_A  637575720 0 0
RE-2_R3_CH27_B  637608488 0 0
RE-2_R3_CH27_C  637641256 0 0
RE+2_R3_CH27_A  637575722 2.74064 8.27291
RE+2_R3_CH27_B  637608490 -1.11907 9.38743
RE+2_R3_CH27_C  637641258 0.505485 6.7114
RE-2_R2_CH33_A  637575844 0 0
RE-2_R2_CH33_B  637608612 0 0
RE-2_R2_CH33_C  637641380 0 0
RE+2_R2_CH33_A  637575846 1.37622 6.34781
RE+2_R2_CH33_B  637608614 -0.409772 6.42805
RE+2_R2_CH33_C  637641382 -1.18214 5.64616
RE-2_R3_CH33_A  637575848 0 0
RE-2_R3_CH33_B  637608616 0 0
RE-2_R3_CH33_C  637641384 0 0
RE+2_R3_CH33_A  637575850 -1.57929 1.95188
RE+2_R3_CH33_B  637608618 -2.75978 5.05674
RE+2_R3_CH33_C  637641386 7.76644 5.13864
RE-2_R2_CH04_A  637579300 0 0
RE-2_R2_CH04_B  637612068 0 0
RE-2_R2_CH04_C  637644836 0 0
RE+2_R2_CH04_A  637579302 0.421109 6.81549
RE+2_R2_CH04_B  637612070 1.28769 6.07828
RE+2_R2_CH04_C  637644838 -1.36648 4.89336
RE-2_R3_CH04_A  637579304 0 0
RE-2_R3_CH04_B  637612072 0 0
RE-2_R3_CH04_C  637644840 0 0
RE+2_R3_CH04_A  637579306 0.112658 9.47334
RE+2_R3_CH04_B  637612074 -0.0800737 8.48053
RE+2_R3_CH04_C  637644842 -0.6316 7.30136
RE-2_R2_CH10_A  637579428 0 0
RE-2_R2_CH10_B  637612196 0 0
RE-2_R2_CH10_C  637644964 0 0
RE+2_R2_CH10_A  637579430 -0.38712 6.82902
RE+2_R2_CH10_B  637612198 -0.963055 5.82375
RE+2_R2_CH10_C  637644966 0.461259 5.73965
RE-2_R3_CH10_A  637579432 0 0
RE-2_R3_CH10_B  637612200 0 0
RE-2_R3_CH10_C  637644968 0 0
RE+2_R3_CH10_A  637579434 -0.223776 9.63542
RE+2_R3_CH10_B  637612202 -1.06685 8.45691
RE+2_R3_CH10_C  637644970 0.911814 7.6605
RE-2_R2_CH16_A  637579556 0 0
RE-2_R2_CH16_B  637612324 0 0
RE-2_R2_CH16_C  637645092 0 0
RE+2_R2_CH16_A  637579558 -0.870576 7.41649
RE+2_R2_CH16_B  637612326 -1.3252 5.82314
RE+2_R2_CH16_C  637645094 -0.502231 5.25711
RE-2_R3_CH16_A  637579560 0 0
RE-2_R3_CH16_B  637612328 0 0
RE-2_R3_CH16_C  637645096 0 0
RE+2_R3_CH16_A  637579562 -1.35968 9.30086
RE+2_R3_CH16_B  637612330 0.270507 9.19277
RE+2_R3_CH16_C  637645098 -2.00559 7.56671
RE-2_R2_CH22_A  637579684 0 0
RE-2_R2_CH22_B  637612452 0 0
RE-2_R2_CH22_C  637645220 0 0
RE+2_R2_CH22_A  637579686 -1.53026 3.48928
RE+2_R2_CH22_B  637612454 -3.88152 3.58002
RE+2_R2_CH22_C  637645222 -3.36545 3.94789
RE-2_R3_CH22_A  637579688 0 0
RE-2_R3_CH22_B  637612456 0 0
RE-2_R3_CH22_C  637645224 0 0
RE+2_R3_CH22_A  637579690 2.49759 9.28642
RE+2_R3_CH22_B  637612458 0.118569 9.82966
RE+2_R3_CH22_C  637645226 3.32704 6.87285
RE-2_R2_CH28_A  637579812 0 0
RE-2_R2_CH28_B  637612580 0 0
RE-2_R2_CH28_C  637645348 0 0
RE+2_R2_CH28_A  637579814 0 0
RE+2_R2_CH28_B  637612582 0 0
RE+2_R2_CH28_C  637645350 0 0
RE-2_R3_CH28_A  637579816 0 0
RE-2_R3_CH28_B  637612584 0 0
RE-2_R3_CH28_C  637645352 0 0
RE+2_R3_CH28_A  637579818 0.684274 9.38879
RE+2_R3_CH28_B  637612586 -0.182062 8.77563
RE+2_R3_CH28_C  637645354 -0.970654 8.84355
RE-2_R2_CH34_A  637579940 0 0
RE-2_R2_CH34_B  637612708 0 0
RE-2_R2_CH34_C  637645476 0 0
RE+2_R2_CH34_A  637579942 -6.8515 0
RE+2_R2_CH34_B  637612710 7.54071 0
RE+2_R2_CH34_C  637645478 -1.8692 3.80702
RE-2_R3_CH34_A  637579944 0 0
RE-2_R3_CH34_B  637612712 0 0
RE-2_R3_CH34_C  637645480 0 0
RE+2_R3_CH34_A  637579946 0 0
RE+2_R3_CH34_B  637612714 -5.60289 0
RE+2_R3_CH34_C  637645482 0 0
RE-2_R2_CH05_A  637583396 0 0
RE-2_R2_CH05_B  637616164 0 0
RE-2_R2_CH05_C  637648932 0 0
RE+2_R2_CH05_A  637583398 0.0926664 6.48757
RE+2_R2_CH05_B  637616166 -1.54393 5.54675
RE+2_R2_CH05_C  637648934 0.290694 5.17301
RE-2_R3_CH05_A  637583400 0 0
RE-2_R3_CH05_B  637616168 0 0
RE-2_R3_CH05_C  637648936 0 0
RE+2_R3_CH05_A  637583402 0.0916966 9.27041
RE+2_R3_CH05_B  637616170 0.271182 8.6335
RE+2_R3_CH05_C  637648938 0.0782105 7.40805
RE-2_R2_CH11_A  637583524 0 0
RE-2_R2_CH11_B  637616292 0 0
RE-2_R2_CH11_C  637649060 0 0
RE+2_R2_CH11_A  637583526 0.285993 6.37997
RE+2_R2_CH11_B  637616294 0.623743 5.68556
RE+2_R2_CH11_C  637649062 -0.17775 4.83341
RE-2_R3_CH11_A  637583528 0 0
RE-2_R3_CH11_B  637616296 0 0
RE-2_R3_CH11_C  637649064 0 0
RE+2_R3_CH11_A  637583530 -2.03521 10.1026
RE+2_R3_CH11_B  637616298 -0.712729 7.51305
RE+2_R3_CH11_C  637649066 0.942542 7.27359
RE-2_R2_CH17_A  637583652 0 0
RE-2_R2_CH17_B  637616420 0 0
RE-2_R2_CH17_C  637649188 0 0
RE+2_R2_CH17_A  637583654 0 0
RE+2_R2_CH17_B  637616422 -3.90986 4.56999
RE+2_R2_CH17_C  637649190 1.79649 0
RE-2_R3_CH17_A  637583656 0 0
RE-2_R3_CH17_B  637616424 0 0
RE-2_R3_CH17_C  637649192 0 0
RE+2_R3_CH17_A  637583658 5.1921 1.92796
RE+2_R3_CH17_B  637616426 -2.85086 8.83522
RE+2_R3_CH17_C  637649194 0.917659 3.55909
RE-2_R2_CH23_A  637583780 0 0
RE-2_R2_CH23_B  637616548 0 0
RE-2_R2_CH23_C  637649316 0 0
RE+2_R2_CH23_A  637583782 0.194032 6.29153
RE+2_R2_CH23_B  637616550 -0.594146 6.01
RE+2_R2_CH23_C  637649318 0.171479 5.01371
RE-2_R3_CH23_A  637583784 0 0
RE-2_R3_CH23_B  637616552 0 0
RE-2_R3_CH23_C  637649320 0 0
RE+2_R3_CH23_A  637583786 -0.268697 7.73533
RE+2_R3_CH23_B  637616554 -0.154654 7.17098
RE+2_R3_CH23_C  637649322 -4.86414 5.95956
RE-2_R2_CH29_A  637583908 0 0
RE-2_R2_CH29_B  637616676 0 0
RE-2_R2_CH29_C  637649444 0 0
RE+2_R2_CH29_A  637583910 1.0599 6.50947
RE+2_R2_CH29_B  637616678 -0.386833 5.25132
RE+2_R2_CH29_C  637649446 1.35862 5.89199
RE-2_R3_CH29_A  637583912 0 0
RE-2_R3_CH29_B  637616680 0 0
RE-2_R3_CH29_C  637649448 0 0
RE+2_R3_CH29_A  637583914 -1.32827 10.0873
RE+2_R3_CH29_B  637616682 -0.952417 8.18332
RE+2_R3_CH29_C  637649450 0.547426 8.19369
RE-2_R2_CH35_A  637584036 0 0
RE-2_R2_CH35_B  637616804 0 0
RE-2_R2_CH35_C  637649572 0 0
RE+2_R2_CH35_A  637584038 0.350096 6.1653
RE+2_R2_CH35_B  637616806 3.67802 5.29259
RE+2_R2_CH35_C  637649574 0.821542 6.25178
RE-2_R3_CH35_A  637584040 0 0
RE-2_R3_CH35_B  637616808 0 0
RE-2_R3_CH35_C  637649576 0 0
RE+2_R3_CH35_A  637584042 -1.00233 9.54304
RE+2_R3_CH35_B  637616810 1.7261 8.81029
RE+2_R3_CH35_C  637649578 -1.33649 5.45445
RE-2_R2_CH06_A  637587492 0 0
RE-2_R2_CH06_B  637620260 0 0
RE-2_R2_CH06_C  637653028 0 0
RE+2_R2_CH06_A  637587494 1.15742 7.4323
RE+2_R2_CH06_B  637620262 0.621663 2.16417
RE+2_R2_CH06_C  637653030 -1.54097 2.48596
RE-2_R3_CH06_A  637587496 0 0
RE-2_R3_CH06_B  637620264 0 0
RE-2_R3_CH06_C  637653032 0 0
RE+2_R3_CH06_A  637587498 -14.8388 0
RE+2_R3_CH06_B  637620266 3.86739 3.74696
RE+2_R3_CH06_C  637653034 -7.21518 0.0499873
RE-2_R2_CH12_A  637587620 0 0
RE-2_R2_CH12_B  637620388 0 0
RE-2_R2_CH12_C  637653156 0 0
RE+2_R2_CH12_A  637587622 0.100408 7.21547
RE+2_R2_CH12_B  637620390 -0.893322 6.09795
RE+2_R2_CH12_C  637653158 -0.0535732 5.28646
RE-2_R3_CH12_A  637587624 0 0
RE-2_R3_CH12_B  637620392 0 0
RE-2_R3_CH12_C  637653160 0 0
RE+2_R3_CH12_A  637587626 -1.23325 9.89326
RE+2_R3_CH12_B  637620394 0.80374 7.97875
RE+2_R3_CH12_C  637653162 -0.451386 7.9705
RE-2_R2_CH18_A  637587748 0 0
RE-2_R2_CH18_B  637620516 0 0
RE-2_R2_CH18_C  637653284 0 0
RE+2_R2_CH18_A  637587750 0 0
RE+2_R2_CH18_B  637620518 0 0
RE+2_R2_CH18_C  637653286 0 0
RE-2_R3_CH18_A  637587752 0 0
RE-2_R3_CH18_B  637620520 0 0
RE-2_R3_CH18_C  637653288 0 0
RE+2_R3_CH18_A  637587754 0 0
RE+2_R3_CH18_B  637620522 0 0
RE+2_R3_CH18_C  637653290 0 0
RE-2_R2_CH24_A  637587876 0 0
RE-2_R2_CH24_B  637620644 0 0
RE-2_R2_CH24_C  637653412 0 0
RE+2_R2_CH24_A  637587878 -1.53802 6.20869
RE+2_R2_CH24_B  637620646 -1.21192 5.25858
RE+2_R2_CH24_C  637653414 2.15946 4.94132
RE-2_R3_CH24_A  637587880 0 0
RE-2_R3_CH24_B  637620648 0 0
RE-2_R3_CH24_C  637653416 0 0
RE+2_R3_CH24_A  637587882 3.9406 9.17055
RE+2_R3_CH24_B  637620650 0.467008 7.18976
RE+2_R3_CH24_C  637653418 -1.76835 6.26131
RE-2_R2_CH30_A  637588004 0 0
RE-2_R2_CH30_B  637620772 0 0
RE-2_R2_CH30_C  637653540 0 0
RE+2_R2_CH30_A  637588006 0.210701 6.45255
RE+2_R2_CH30_B  637620774 0.453138 5.86573
RE+2_R2_CH30_C  637653542 -0.683716 4.56845
RE-2_R3_CH30_A  637588008 0 0
RE-2_R3_CH30_B  637620776 0 0
RE-2_R3_CH30_C  637653544 0 0
RE+2_R3_CH30_A  637588010 5.33645 8.90446
RE+2_R3_CH30_B  637620778 0.405103 11.2879
RE+2_R3_CH30_C  637653546 -3.85207 7.168
RE-2_R2_CH36_A  637588132 0 0
RE-2_R2_CH36_B  637620900 0 0
RE-2_R2_CH36_C  637653668 0 0
RE+2_R2_CH36_A  637588134 -0.496823 6.25911
RE+2_R2_CH36_B  637620902 1.42811 4.39003
RE+2_R2_CH36_C  637653670 -1.84475 3.95279
RE-2_R3_CH36_A  637588136 0 0
RE-2_R3_CH36_B  637620904 0 0
RE-2_R3_CH36_C  637653672 0 0
RE+2_R3_CH36_A  637588138 -2.65789 8.93981
RE+2_R3_CH36_B  637620906 -2.39499 9.86157
RE+2_R3_CH36_C  637653674 2.87246 7.87692
W-2_RB2out_S01_Backward  637569069 0.158484 1.67022
W-2_RB2out_S01_Middle  637601837 0.0839329 1.52658
W-2_RB2out_S01_Forward  637634605 -0.0458018 1.88395
W-1_RB2out_S01_Backward  637569073 -0.0847705 1.61553
W-1_RB2out_S01_Forward  637634609 -0.183703 1.69817
W+0_RB2out_S01_Backward  637569077 -0.199566 1.94335
W+0_RB2out_S01_Forward  637634613 -0.257591 2.06337
W+1_RB2out_S01_Backward  637569081 -0.0575239 1.5956
W+1_RB2out_S01_Forward  637634617 0.0213914 1.71453
W+2_RB2out_S01_Backward  637569085 -0.00612441 1.85616
W+2_RB2out_S01_Middle  637601853 -0.00299527 1.74468
W+2_RB2out_S01_Forward  637634621 0.0604261 1.69342
W-2_RB2out_S02_Backward  637569197 -0.298307 1.62966
W-2_RB2out_S02_Middle  637601965 -0.376976 1.65811
W-2_RB2out_S02_Forward  637634733 -0.258207 1.58122
W-1_RB2out_S02_Backward  637569201 -0.212243 1.42282
W-1_RB2out_S02_Forward  637634737 0.090698 1.57363
W+0_RB2out_S02_Backward  637569205 0.139421 1.45002
W+0_RB2out_S02_Forward  637634741 0.0359153 1.49873
W+1_RB2out_S02_Backward  637569209 0.073263 1.59168
W+1_RB2out_S02_Forward  637634745 0.0465559 1.8383
W+2_RB2out_S02_Backward  637569213 0.381779 1.63662
W+2_RB2out_S02_Middle  637601981 0.19861 1.44915
W+2_RB2out_S02_Forward  637634749 0.134146 1.56893
W-2_RB2out_S03_Backward  637569325 -0.00156672 1.26095
W-2_RB2out_S03_Middle  637602093 0.00441765 1.31491
W-2_RB2out_S03_Forward  637634861 -0.115715 1.40113
W-1_RB2out_S03_Backward  637569329 -0.402951 1.20855
W-1_RB2out_S03_Forward  637634865 -0.171668 1.30196
W+0_RB2out_S03_Backward  637569333 0.00452064 1.25577
W+0_RB2out_S03_Forward  637634869 -0.0663901 1.83622
W+1_RB2out_S03_Backward  637569337 0.295163 1.2546
W+1_RB2out_S03_Forward  637634873 -0.0109267 1.37834
W+2_RB2out_S03_Backward  637569341 0.042673 1.29961
W+2_RB2out_S03_Middle  637602109 0.0454235 1.51008
W+2_RB2out_S03_Forward  637634877 -0.134767 2.33156
W-2_RB2out_S04_Backward  637569453 -0.142254 1.63186
W-2_RB2out_S04_Middle  637602221 -0.142471 1.23388
W-2_RB2out_S04_Forward  637634989 -0.164047 1.16931
W-1_RB2out_S04_Backward  637569457 0.00817659 1.14108
W-1_RB2out_S04_Forward  637634993 0.0418435 1.19279
W+0_RB2out_S04_Backward  637569461 -0.0432451 1.20343
W+0_RB2out_S04_Forward  637634997 0.0445644 1.14476
W+1_RB2out_S04_Backward  637569465 0.333694 1.13853
W+1_RB2out_S04_Forward  637635001 0.106041 1.20997
W+2_RB2out_S04_Backward  637569469 0.179286 1.25292
W+2_RB2out_S04_Middle  637602237 0.0659999 1.20983
W+2_RB2out_S04_Forward  637635005 0.0409318 1.21117
W-2_RB2out_S05_Backward  637569581 0.138753 1.29504
W-2_RB2out_S05_Middle  637602349 -0.00428473 1.41553
W-2_RB2out_S05_Forward  637635117 0.00467762 1.47841
W-1_RB2out_S05_Backward  637569585 -0.120164 1.30213
W-1_RB2out_S05_Forward  637635121 -0.147209 1.25757
W+0_RB2out_S05_Backward  637569589 0.0552471 1.22914
W+0_RB2out_S05_Forward  637635125 0.102054 1.34428
W+1_RB2out_S05_Backward  637569593 -0.194637 1.1607
W+1_RB2out_S05_Forward  637635129 -0.211417 1.32393
W+2_RB2out_S05_Backward  637569597 -0.0392439 1.27701
W+2_RB2out_S05_Middle  637602365 -0.170829 1.31526
W+2_RB2out_S05_Forward  637635133 -0.193775 1.78266
W-2_RB2out_S06_Backward  637569709 0.409073 1.71153
W-2_RB2out_S06_Middle  637602477 0.410697 1.76489
W-2_RB2out_S06_Forward  637635245 0.445482 1.64299
W-1_RB2out_S06_Backward  637569713 0.407193 1.51072
W-1_RB2out_S06_Forward  637635249 0.364769 1.47537
W+0_RB2out_S06_Backward  637569717 -0.0605764 1.50283
W+0_RB2out_S06_Forward  637635253 0.153781 1.93655
W+1_RB2out_S06_Backward  637569721 -0.340351 2.94463
W+1_RB2out_S06_Forward  637635257 -0.605519 3.01731
W+2_RB2out_S06_Backward  637569725 -0.165401 1.82265
W+2_RB2out_S06_Middle  637602493 -0.188202 1.38207
W+2_RB2out_S06_Forward  637635261 -0.236272 1.56379
W-2_RB2out_S07_Backward  637569837 0.159232 1.63841
W-2_RB2out_S07_Middle  637602605 0.195283 1.52503
W-2_RB2out_S07_Forward  637635373 0.0367215 1.59294
W-1_RB2out_S07_Backward  637569841 0.317741 1.54327
W-1_RB2out_S07_Forward  637635377 0.0602274 1.57344
W+0_RB2out_S07_Backward  637569845 -0.145268 1.56899
W+0_RB2out_S07_Forward  637635381 -0.226371 1.69681
W+1_RB2out_S07_Backward  637569849 0 0
W+1_RB2out_S07_Forward  637635385 0 0
W+2_RB2out_S07_Backward  637569853 0 0
W+2_RB2out_S07_Middle  637602621 0 0
W+2_RB2out_S07_Forward  637635389 0 0
W-2_RB2out_S08_Backward  637569965 -0.241299 1.54963
W-2_RB2out_S08_Middle  637602733 -0.145662 1.64804
W-2_RB2out_S08_Forward  637635501 -0.140553 1.8276
W-1_RB2out_S08_Backward  637569969 0.119089 2.64378
W-1_RB2out_S08_Forward  637635505 0.461272 2.92792
W+0_RB2out_S08_Backward  637569973 0.0238461 1.48849
W+0_RB2out_S08_Forward  637635509 -0.0182093 1.79234
W+1_RB2out_S08_Backward  637569977 0.0146267 2.04103
W+1_RB2out_S08_Forward  637635513 -0.0484074 1.71245
W+2_RB2out_S08_Backward  637569981 -0.273722 1.64206
W+2_RB2out_S08_Middle  637602749 -0.546221 1.41128
W+2_RB2out_S08_Forward  637635517 -0.373512 1.66871
W-2_RB2out_S09_Backward  637570093 -0.114676 1.24046
W-2_RB2out_S09_Middle  637602861 0.197787 1.22835
W-2_RB2out_S09_Forward  637635629 0.00756752 1.24269
W-1_RB2out_S09_Backward  637570097 -0.095002 1.22775
W-1_RB2out_S09_Forward  637635633 0.039118 1.30256
W+0_RB2out_S09_Backward  637570101 -0.093173 1.2431
W+0_RB2out_S09_Forward  637635637 -0.0375157 1.27809
W+1_RB2out_S09_Backward  637570105 0.172563 1.29588
W+1_RB2out_S09_Forward  637635641 0.0778488 1.53649
W+2_RB2out_S09_Backward  637570109 0.125395 1.32677
W+2_RB2out_S09_Middle  637602877 -0.0187179 1.2595
W+2_RB2out_S09_Forward  637635645 0.00512433 1.2954
W-2_RB2out_S10_Backward  637570221 0 0
W-2_RB2out_S10_Middle  637602989 0 0
W-2_RB2out_S10_Forward  637635757 0 0
W-1_RB2out_S10_Backward  637570225 0.111261 2.32303
W-1_RB2out_S10_Forward  637635761 -0.0705513 2.29389
W+0_RB2out_S10_Backward  637570229 -0.143867 1.31211
W+0_RB2out_S10_Forward  637635765 -0.0664267 1.67821
W+1_RB2out_S10_Backward  637570233 -0.177236 1.22883
W+1_RB2out_S10_Forward  637635769 -0.241819 1.48265
W+2_RB2out_S10_Backward  637570237 -0.0520281 1.31063
W+2_RB2out_S10_Middle  637603005 0.0227119 1.26034
W+2_RB2out_S10_Forward  637635773 -0.035631 1.39727
W-2_RB2out_S11_Backward  637570349 0 0
W-2_RB2out_S11_Middle  637603117 0 0
W-2_RB2out_S11_Forward  637635885 0 0
W-1_RB2out_S11_Backward  637570353 -0.04488 1.18529
W-1_RB2out_S11_Forward  637635889 0.25784 1.52601
W+0_RB2out_S11_Backward  637570357 -0.111236 1.3661
W+0_RB2out_S11_Forward  637635893 -0.253455 1.56205
W+1_RB2out_S11_Backward  637570361 -0.342907 1.25192
W+1_RB2out_S11_Forward  637635897 -0.195056 1.56541
W+2_RB2out_S11_Backward  637570365 -0.442916 1.29812
W+2_RB2out_S11_Middle  637603133 -0.223974 1.2743
W+2_RB2out_S11_Forward  637635901 -0.0773327 1.63168
W-2_RB2out_S12_Backward  637570477 0.112835 1.46567
W-2_RB2out_S12_Middle  637603245 0.0128416 1.36815
W-2_RB2out_S12_Forward  637636013 -0.0573477 1.67637
W-1_RB2out_S12_Backward  637570481 0.186561 1.51752
W-1_RB2out_S12_Forward  637636017 0.250339 1.58792
W+0_RB2out_S12_Backward  637570485 -0.16015 1.76575
W+0_RB2out_S12_Forward  637636021 0 0
W+1_RB2out_S12_Backward  637570489 -0.261202 1.41924
W+1_RB2out_S12_Forward  637636025 -0.14473 1.59831
W+2_RB2out_S12_Backward  637570493 0.112846 1.52661
W+2_RB2out_S12_Middle  637603261 0.210145 1.27961
W+2_RB2out_S12_Forward  637636029 -0.0775546 1.44244
RE-3_R2_CH01_A  637567044 0 0
RE-3_R2_CH01_B  637599812 0 0
RE-3_R2_CH01_C  637632580 0 0
RE+3_R2_CH01_A  637567046 0 0
RE+3_R2_CH01_B  637599814 0 0
RE+3_R2_CH01_C  637632582 0 0
RE-3_R3_CH01_A  637567048 0 0
RE-3_R3_CH01_B  637599816 0 0
RE-3_R3_CH01_C  637632584 0 0
RE+3_R3_CH01_A  637567050 0 0
RE+3_R3_CH01_B  637599818 0 0
RE+3_R3_CH01_C  637632586 0 0
W-2_RB3-_S01_Backward  637567053 -0.0395838 1.58892
W-2_RB3-_S01_Forward  637632589 0.0666309 1.53128
W-1_RB3-_S01_Backward  637567057 0.0629461 1.45985
W-1_RB3-_S01_Forward  637632593 0.201373 1.54119
W+0_RB3-_S01_Backward  637567061 0.0938194 1.41273
W+0_RB3-_S01_Forward  637632597 0.0765973 1.53963
W+1_RB3-_S01_Backward  637567065 -0.258675 1.44676
W+1_RB3-_S01_Forward  637632601 -0.282429 1.61155
W+2_RB3-_S01_Backward  637567069 0 0
W+2_RB3-_S01_Forward  637632605 0 0
RE-3_R2_CH07_A  637567172 0 0
RE-3_R2_CH07_B  637599940 0 0
RE-3_R2_CH07_C  637632708 0 0
RE+3_R2_CH07_A  637567174 -0.0227946 2.56565
RE+3_R2_CH07_B  637599942 0.119907 2.42368
RE+3_R2_CH07_C  637632710 1.11031 2.68106
RE-3_R3_CH07_A  637567176 0 0
RE-3_R3_CH07_B  637599944 0 0
RE-3_R3_CH07_C  637632712 0 0
RE+3_R3_CH07_A  637567178 -0.289353 2.73504
RE+3_R3_CH07_B  637599946 -0.134699 2.89159
RE+3_R3_CH07_C  637632714 -0.186418 2.64886
W-2_RB3-_S02_Backward  637567181 -0.00963409 1.82887
W-2_RB3-_S02_Forward  637632717 0.24586 1.51286
W-1_RB3-_S02_Backward  637567185 0.0130993 1.42702
W-1_RB3-_S02_Forward  637632721 -0.08968 1.47966
W+0_RB3-_S02_Backward  637567189 -0.0357333 1.36761
W+0_RB3-_S02_Forward  637632725 -0.224057 2.00112
W+1_RB3-_S02_Backward  637567193 -0.250702 1.4021
W+1_RB3-_S02_Forward  637632729 -0.184758 1.55294
W+2_RB3-_S02_Backward  637567197 -0.310739 1.48944
W+2_RB3-_S02_Forward  637632733 -0.210831 1.4817
RE-3_R2_CH13_A  637567300 0 0
RE-3_R2_CH13_B  637600068 0 0
RE-3_R2_CH13_C  637632836 0 0
RE+3_R2_CH13_A  637567302 0.632485 3.20628
RE+3_R2_CH13_B  637600070 0.398646 2.75182
RE+3_R2_CH13_C  637632838 -1.50551 2.82043
RE-3_R3_CH13_A  637567304 0 0
RE-3_R3_CH13_B  637600072 0 0
RE-3_R3_CH13_C  637632840 0 0
RE+3_R3_CH13_A  637567306 1.97397 3.27664
RE+3_R3_CH13_B  637600074 0.888413 3.46561
RE+3_R3_CH13_C  637632842 0.522027 3.16136
W-2_RB3-_S03_Backward  637567309 -0.0245487 1.2874
W-2_RB3-_S03_Forward  637632845 -0.0609003 1.35627
W-1_RB3-_S03_Backward  637567313 -0.211179 1.30478
W-1_RB3-_S03_Forward  637632849 0.134458 1.48303
W+0_RB3-_S03_Backward  637567317 -0.0602198 1.41448
W+0_RB3-_S03_Forward  637632853 0.125269 2.39437
W+1_RB3-_S03_Backward  637567321 -0.17358 1.33651
W+1_RB3-_S03_Forward  637632857 -0.120089 1.45898
W+2_RB3-_S03_Backward  637567325 -0.189234 1.31408
W+2_RB3-_S03_Forward  637632861 -0.173014 1.40328
RE-3_R2_CH19_A  637567428 0 0
RE-3_R2_CH19_B  637600196 0 0
RE-3_R2_CH19_C  637632964 0 0
RE+3_R2_CH19_A  637567430 0.458036 3.64062
RE+3_R2_CH19_B  637600198 0.236929 3.72698
RE+3_R2_CH19_C  637632966 0.815328 2.57525
RE-3_R3_CH19_A  637567432 0 0
RE-3_R3_CH19_B  637600200 0 0
RE-3_R3_CH19_C  637632968 0 0
RE+3_R3_CH19_A  637567434 0.414054 3.75404
RE+3_R3_CH19_B  637600202 0.794333 4.43978
RE+3_R3_CH19_C  637632970 0.316888 3.84746
W-2_RB3-_S04_Backward  637567437 0.133519 0.947129
W-2_RB3-_S04_Forward  637632973 0.291397 2.6078
W-1_RB3-_S04_Backward  637567441 -0.0784945 1.27977
W-1_RB3-_S04_Forward  637632977 0.0325567 1.39044
W+0_RB3-_S04_Backward  637567445 -0.0761686 1.64462
W+0_RB3-_S04_Forward  637632981 0.0433464 1.77952
W+1_RB3-_S04_Backward  637567449 0.0208307 1.30235
W+1_RB3-_S04_Forward  637632985 -0.193061 1.40641
W+2_RB3-_S04_Backward  637567453 -0.28392 1.44332
W+2_RB3-_S04_Forward  637632989 -0.282849 1.37182
RE-3_R2_CH25_A  637567556 0 0
RE-3_R2_CH25_B  637600324 0 0
RE-3_R2_CH25_C  637633092 0 0
RE+3_R2_CH25_A  637567558 -0.259468 2.99883
RE+3_R2_CH25_B  637600326 -0.579253 2.71888
RE+3_R2_CH25_C  637633094 0.819157 2.27703
RE-3_R3_CH25_A  637567560 0 0
RE-3_R3_CH25_B  637600328 0 0
RE-3_R3_CH25_C  637633096 0 0
RE+3_R3_CH25_A  637567562 -0.616341 3.34252
RE+3_R3_CH25_B  637600330 -0.451001 3.02054
RE+3_R3_CH25_C  637633098 -0.594309 2.87784
W-2_RB3-_S05_Backward  637567565 0.200686 1.35969
W-2_RB3-_S05_Forward  637633101 0.130451 1.46158
W-1_RB3-_S05_Backward  637567569 0.325319 1.24683
W-1_RB3-_S05_Forward  637633105 0.241163 1.3877
W+0_RB3-_S05_Backward  637567573 -0.244723 1.82142
W+0_RB3-_S05_Forward  637633109 0.0353603 1.80387
W+1_RB3-_S05_Backward  637567577 -0.384327 1.38391
W+1_RB3-_S05_Forward  637633113 -0.296706 1.45022
W+2_RB3-_S05_Backward  637567581 0 0
W+2_RB3-_S05_Forward  637633117 0.0188178 1.42471
RE-3_R2_CH31_A  637567684 0 0
RE-3_R2_CH31_B  637600452 0 0
RE-3_R2_CH31_C  637633220 0 0
RE+3_R2_CH31_A  637567686 0 0
RE+3_R2_CH31_B  637600454 0 0
RE+3_R2_CH31_C  637633222 0 0
RE-3_R3_CH31_A  637567688 0 0
RE-3_R3_CH31_B  637600456 0 0
RE-3_R3_CH31_C  637633224 0 0
RE+3_R3_CH31_A  637567690 0 0
RE+3_R3_CH31_B  637600458 0 0
RE+3_R3_CH31_C  637633226 0 0
W-2_RB3-_S06_Backward  637567693 -0.0125223 1.45846
W-2_RB3-_S06_Forward  637633229 -0.0118541 1.51486
W-1_RB3-_S06_Backward  637567697 -0.116758 1.45286
W-1_RB3-_S06_Forward  637633233 0.0963776 1.41251
W+0_RB3-_S06_Backward  637567701 -0.189384 1.44254
W+0_RB3-_S06_Forward  637633237 -0.325209 1.46322
W+1_RB3-_S06_Backward  637567705 -0.249256 1.63583
W+1_RB3-_S06_Forward  637633241 -0.333782 2.30726
W+2_RB3-_S06_Backward  637567709 -0.336798 1.4432
W+2_RB3-_S06_Forward  637633245 -0.114354 1.78667
W-2_RB3-_S07_Backward  637567821 0.0834176 1.41098
W-2_RB3-_S07_Forward  637633357 -0.0760028 1.85542
W-1_RB3-_S07_Backward  637567825 0.119971 1.46087
W-1_RB3-_S07_Forward  637633361 -0.0241648 1.57128
W+0_RB3-_S07_Backward  637567829 -0.0834466 1.37649
W+0_RB3-_S07_Forward  637633365 -0.211238 1.48572
W+1_RB3-_S07_Backward  637567833 0 0
W+1_RB3-_S07_Forward  637633369 0 0
W+2_RB3-_S07_Backward  637567837 -0.287366 1.43611
W+2_RB3-_S07_Forward  637633373 -0.121531 1.59194
W-2_RB3-_S08_Backward  637567949 0.193528 1.36168
W-2_RB3-_S08_Forward  637633485 -0.0444504 1.46866
W-1_RB3-_S08_Backward  637567953 0.0301619 1.47722
W-1_RB3-_S08_Forward  637633489 -0.0415899 1.46449
W+0_RB3-_S08_Backward  637567957 0.0144702 1.4852
W+0_RB3-_S08_Forward  637633493 0.0816916 1.54133
W+1_RB3-_S08_Backward  637567961 0.115667 3.02471
W+1_RB3-_S08_Forward  637633497 0.107867 3.09928
W+2_RB3-_S08_Backward  637567965 -0.0919908 1.50621
W+2_RB3-_S08_Forward  637633501 -0.170424 1.70456
W-2_RB3-_S09_Backward  637568077 -0.0812848 1.24988
W-2_RB3-_S09_Forward  637633613 -0.190434 1.59081
W-1_RB3-_S09_Backward  637568081 -0.00687729 1.33475
W-1_RB3-_S09_Forward  637633617 -0.208745 1.40863
W+0_RB3-_S09_Backward  637568085 0.0895017 1.61615
W+0_RB3-_S09_Forward  637633621 0.00491731 1.59165
W+1_RB3-_S09_Backward  637568089 -0.179642 1.51884
W+1_RB3-_S09_Forward  637633625 0.204408 2.22017
W+2_RB3-_S09_Backward  637568093 -0.0564932 1.5116
W+2_RB3-_S09_Forward  637633629 -0.0534784 1.43311
W-2_RB3-_S10_Backward  637568205 0 0
W-2_RB3-_S10_Forward  637633741 0 0
W-1_RB3-_S10_Backward  637568209 0 0
W-1_RB3-_S10_Forward  637633745 0 0
W+0_RB3-_S10_Backward  637568213 -0.0127599 1.27784
W+0_RB3-_S10_Forward  637633749 -0.0858647 1.5164
W+1_RB3-_S10_Backward  637568217 0.181955 1.65505
W+1_RB3-_S10_Forward  637633753 0.167355 1.40091
W+2_RB3-_S10_Backward  637568221 -0.217134 1.35782
W+2_RB3-_S10_Forward  637633757 -0.394473 1.35047
W-2_RB3-_S11_Backward  637568333 0.0468188 1.2713
W-2_RB3-_S11_Forward  637633869 0.0107335 1.43405
W-1_RB3-_S11_Backward  637568337 0.0546222 1.33432
W-1_RB3-_S11_Forward  637633873 0.276513 1.65613
W+0_RB3-_S11_Backward  637568341 -0.195398 1.30225
W+0_RB3-_S11_Forward  637633877 0.186426 1.73004
W+1_RB3-_S11_Backward  637568345 -0.302635 1.4567
W+1_RB3-_S11_Forward  637633881 -0.241484 1.51275
W+2_RB3-_S11_Backward  637568349 -0.0489037 1.32085
W+2_RB3-_S11_Forward  637633885 -0.0648184 1.3483
W-2_RB3-_S12_Backward  637568461 0.211296 1.34162
W-2_RB3-_S12_Forward  637633997 0.103702 1.4017
W-1_RB3-_S12_Backward  637568465 0.0526839 1.36688
W-1_RB3-_S12_Forward  637634001 0.0439357 1.50042
W+0_RB3-_S12_Backward  637568469 0.0848103 1.47613
W+0_RB3-_S12_Forward  637634005 -0.0116713 2.00812
W+1_RB3-_S12_Backward  637568473 -0.228865 1.41708
W+1_RB3-_S12_Forward  637634009 -0.172067 1.80419
W+2_RB3-_S12_Backward  637568477 -0.211968 1.28718
W+2_RB3-_S12_Forward  637634013 -0.191188 1.59455
RE-3_R2_CH02_A  637571140 0 0
RE-3_R2_CH02_B  637603908 0 0
RE-3_R2_CH02_C  637636676 0 0
RE+3_R2_CH02_A  637571142 0.681994 2.26384
RE+3_R2_CH02_B  637603910 0.487119 2.29314
RE+3_R2_CH02_C  637636678 0.328584 2.02772
RE-3_R3_CH02_A  637571144 0 0
RE-3_R3_CH02_B  637603912 0 0
RE-3_R3_CH02_C  637636680 0 0
RE+3_R3_CH02_A  637571146 1.1767 2.71114
RE+3_R3_CH02_B  637603914 0.704092 2.97255
RE+3_R3_CH02_C  637636682 0.44221 2.22173
W-2_RB3+_S01_Backward  637571149 -0.0405343 1.48832
W-2_RB3+_S01_Forward  637636685 -0.0485145 1.64013
W-1_RB3+_S01_Backward  637571153 -0.102635 1.55363
W-1_RB3+_S01_Forward  637636689 -0.0742805 1.64259
W+0_RB3+_S01_Backward  637571157 0.0426977 1.63328
W+0_RB3+_S01_Forward  637636693 -0.109319 1.78669
W+1_RB3+_S01_Backward  637571161 -0.168964 1.44807
W+1_RB3+_S01_Forward  637636697 -0.111743 1.56509
W+2_RB3+_S01_Backward  637571165 0.00304035 1.65198
W+2_RB3+_S01_Forward  637636701 -0.0859044 1.77587
RE-3_R2_CH08_A  637571268 0 0
RE-3_R2_CH08_B  637604036 0 0
RE-3_R2_CH08_C  637636804 0 0
RE+3_R2_CH08_A  637571270 0.0632627 2.12666
RE+3_R2_CH08_B  637604038 0.271113 1.67512
RE+3_R2_CH08_C  637636806 -0.357275 1.58793
RE-3_R3_CH08_A  637571272 0 0
RE-3_R3_CH08_B  637604040 0 0
RE-3_R3_CH08_C  637636808 0 0
RE+3_R3_CH08_A  637571274 0.600712 2.3566
RE+3_R3_CH08_B  637604042 0.428589 2.50513
RE+3_R3_CH08_C  637636810 0.430523 2.03856
W-2_RB3+_S02_Backward  637571277 -0.195282 1.53133
W-2_RB3+_S02_Forward  637636813 -0.241343 1.55927
W-1_RB3+_S02_Backward  637571281 -0.299934 1.49406
W-1_RB3+_S02_Forward  637636817 -0.226922 1.53588
W+0_RB3+_S02_Backward  637571285 -0.0472811 1.62426
W+0_RB3+_S02_Forward  637636821 0.0470775 1.99975
W+1_RB3+_S02_Backward  637571289 0.0101391 1.59097
W+1_RB3+_S02_Forward  637636825 0.111657 2.10921
W+2_RB3+_S02_Backward  637571293 0 0
W+2_RB3+_S02_Forward  637636829 0 0
RE-3_R2_CH14_A  637571396 0 0
RE-3_R2_CH14_B  637604164 0 0
RE-3_R2_CH14_C  637636932 0 0
RE+3_R2_CH14_A  637571398 0.430421 2.49806
RE+3_R2_CH14_B  637604166 0.429937 1.94707
RE+3_R2_CH14_C  637636934 0.603731 1.17968
RE-3_R3_CH14_A  637571400 0 0
RE-3_R3_CH14_B  637604168 0 0
RE-3_R3_CH14_C  637636936 0 0
RE+3_R3_CH14_A  637571402 0.218014 2.56132
RE+3_R3_CH14_B  637604170 0.507752 2.50824
RE+3_R3_CH14_C  637636938 0.353331 2.1911
W-2_RB3+_S03_Backward  637571405 -0.451756 1.32799
W-2_RB3+_S03_Forward  637636941 -0.465417 1.40084
W-1_RB3+_S03_Backward  637571409 -0.157245 1.33294
W-1_RB3+_S03_Forward  637636945 -0.17621 1.49323
W+0_RB3+_S03_Backward  637571413 0.108117 1.43645
W+0_RB3+_S03_Forward  637636949 0.113484 1.63967
W+1_RB3+_S03_Backward  637571417 0.161804 1.34851
W+1_RB3+_S03_Forward  637636953 0.122087 1.42804
W+2_RB3+_S03_Backward  637571421 0.110398 1.47944
W+2_RB3+_S03_Forward  637636957 0.0560254 1.52708
RE-3_R2_CH20_A  637571524 0 0
RE-3_R2_CH20_B  637604292 0 0
RE-3_R2_CH20_C  637637060 0 0
RE+3_R2_CH20_A  637571526 0.428798 2.71635
RE+3_R2_CH20_B  637604294 -0.139546 1.86489
RE+3_R2_CH20_C  637637062 -0.201474 1.22214
RE-3_R3_CH20_A  637571528 0 0
RE-3_R3_CH20_B  637604296 0 0
RE-3_R3_CH20_C  637637064 0 0
RE+3_R3_CH20_A  637571530 1.29381 3.16923
RE+3_R3_CH20_B  637604298 0.844191 2.68527
RE+3_R3_CH20_C  637637066 0.41608 2.59987
W-2_RB3+_S04_Backward  637571533 0.0100948 1.30698
W-2_RB3+_S04_Forward  637637069 -0.0787993 1.41946
W-1_RB3+_S04_Backward  637571537 -0.229788 1.38033
W-1_RB3+_S04_Forward  637637073 -0.0377442 1.39864
W+0_RB3+_S04_Backward  637571541 0.0608242 1.78855
W+0_RB3+_S04_Forward  637637077 -0.0186541 3.16853
W+1_RB3+_S04_Backward  637571545 0.248359 1.34106
W+1_RB3+_S04_Forward  637637081 -0.0444173 1.41871
W+2_RB3+_S04_Backward  637571549 -0.0209246 1.35569
W+2_RB3+_S04_Forward  637637085 -0.137335 1.33442
RE-3_R2_CH26_A  637571652 0 0
RE-3_R2_CH26_B  637604420 0 0
RE-3_R2_CH26_C  637637188 0 0
RE+3_R2_CH26_A  637571654 0.134497 2.15111
RE+3_R2_CH26_B  637604422 0.69363 1.76544
RE+3_R2_CH26_C  637637190 0.160314 1.47431
RE-3_R3_CH26_A  637571656 0 0
RE-3_R3_CH26_B  637604424 0 0
RE-3_R3_CH26_C  637637192 0 0
RE+3_R3_CH26_A  637571658 0.362362 2.94368
RE+3_R3_CH26_B  637604426 0.290688 2.77585
RE+3_R3_CH26_C  637637194 0.23929 2.15056
W-2_RB3+_S05_Backward  637571661 -0.123129 1.31958
W-2_RB3+_S05_Forward  637637197 0.0572128 1.40411
W-1_RB3+_S05_Backward  637571665 -0.0234075 1.52104
W-1_RB3+_S05_Forward  637637201 -0.0938724 1.91434
W+0_RB3+_S05_Backward  637571669 -0.102752 1.54954
W+0_RB3+_S05_Forward  637637205 -0.0942618 1.83587
W+1_RB3+_S05_Backward  637571673 -0.170033 1.77991
W+1_RB3+_S05_Forward  637637209 -0.131528 1.52563
W+2_RB3+_S05_Backward  637571677 0 0
W+2_RB3+_S05_Forward  637637213 0.17772 1.55496
RE-3_R2_CH32_A  637571780 0 0
RE-3_R2_CH32_B  637604548 0 0
RE-3_R2_CH32_C  637637316 0 0
RE+3_R2_CH32_A  637571782 -0.0437245 2.06235
RE+3_R2_CH32_B  637604550 -0.169014 1.64074
RE+3_R2_CH32_C  637637318 0.30854 1.17791
RE-3_R3_CH32_A  637571784 0 0
RE-3_R3_CH32_B  637604552 0 0
RE-3_R3_CH32_C  637637320 0 0
RE+3_R3_CH32_A  637571786 2.53027 4.58724
RE+3_R3_CH32_B  637604554 0.326008 1.41942
RE+3_R3_CH32_C  637637322 1.10029 2.03375
W-2_RB3+_S06_Backward  637571789 -0.273984 1.45467
W-2_RB3+_S06_Forward  637637325 -0.164633 1.6426
W-1_RB3+_S06_Backward  637571793 -0.18743 1.3658
W-1_RB3+_S06_Forward  637637329 -0.229913 1.60338
W+0_RB3+_S06_Backward  637571797 -0.125353 1.39126
W+0_RB3+_S06_Forward  637637333 -0.0649785 1.46253
W+1_RB3+_S06_Backward  637571801 0.11034 1.46913
W+1_RB3+_S06_Forward  637637337 0.0718099 1.4273
W+2_RB3+_S06_Backward  637571805 0.128513 1.40569
W+2_RB3+_S06_Forward  637637341 -0.138712 1.56767
W-2_RB3+_S07_Backward  637571917 -0.0435997 1.75336
W-2_RB3+_S07_Forward  637637453 -0.401761 2.04295
W-1_RB3+_S07_Backward  637571921 -0.184054 1.47129
W-1_RB3+_S07_Forward  637637457 -0.155544 1.45104
W+0_RB3+_S07_Backward  637571925 0.159414 1.48165
W+0_RB3+_S07_Forward  637637461 0.201783 1.46297
W+1_RB3+_S07_Backward  637571929 0 0
W+1_RB3+_S07_Forward  637637465 0 0
W+2_RB3+_S07_Backward  637571933 0 0
W+2_RB3+_S07_Forward  637637469 0 0
W-2_RB3+_S08_Backward  637572045 -0.0108187 1.42697
W-2_RB3+_S08_Forward  637637581 -0.114979 1.58987
W-1_RB3+_S08_Backward  637572049 -0.0840058 1.5894
W-1_RB3+_S08_Forward  637637585 0.0399052 2.12729
W+0_RB3+_S08_Backward  637572053 -0.0339721 1.45684
W+0_RB3+_S08_Forward  637637589 -0.00489409 1.92059
W+1_RB3+_S08_Backward  637572057 -0.241689 3.39768
W+1_RB3+_S08_Forward  637637593 0.678141 3.08794
W+2_RB3+_S08_Backward  637572061 -0.0929506 1.69485
W+2_RB3+_S08_Forward  637637597 0.0541643 1.48069
W-2_RB3+_S09_Backward  637572173 -0.27646 1.29031
W-2_RB3+_S09_Forward  637637709 -0.295912 1.42641
W-1_RB3+_S09_Backward  637572177 -0.129616 1.30047
W-1_RB3+_S09_Forward  637637713 -0.168415 1.49947
W+0_RB3+_S09_Backward  637572181 -0.110762 1.47285
W+0_RB3+_S09_Forward  637637717 -0.14616 1.53776
W+1_RB3+_S09_Backward  637572185 -0.0195176 1.36914
W+1_RB3+_S09_Forward  637637721 -0.10546 1.5159
W+2_RB3+_S09_Backward  637572189 0.0812742 1.35003
W+2_RB3+_S09_Forward  637637725 0.135765 1.30958
W-2_RB3+_S10_Backward  637572301 0 0
W-2_RB3+_S10_Forward  637637837 0 0
W-1_RB3+_S10_Backward  637572305 0 0
W-1_RB3+_S10_Forward  637637841 0 0
W+0_RB3+_S10_Backward  637572309 0.000152077 1.31903
W+0_RB3+_S10_Forward  637637845 0.0718736 1.81475
W+1_RB3+_S10_Backward  637572313 0.190379 1.34273
W+1_RB3+_S10_Forward  637637849 0.162844 1.46696
W+2_RB3+_S10_Backward  637572317 -0.194467 1.40207
W+2_RB3+_S10_Forward  637637853 -0.00397477 1.29679
W-2_RB3+_S11_Backward  637572429 -0.0526988 1.3506
W-2_RB3+_S11_Forward  637637965 -0.113951 1.88057
W-1_RB3+_S11_Backward  637572433 0.0254629 1.29315
W-1_RB3+_S11_Forward  637637969 -0.184411 1.37287
W+0_RB3+_S11_Backward  637572437 -0.047132 1.27867
W+0_RB3+_S11_Forward  637637973 0.0184111 1.43419
W+1_RB3+_S11_Backward  637572441 0.0119787 1.37612
W+1_RB3+_S11_Forward  637637977 -0.0849325 2.14186
W+2_RB3+_S11_Backward  637572445 0.0132181 1.32975
W+2_RB3+_S11_Forward  637637981 0.0517675 1.38396
W-2_RB3+_S12_Backward  637572557 -0.221739 1.34522
W-2_RB3+_S12_Forward  637638093 -0.150756 1.41691
W-1_RB3+_S12_Backward  637572561 -0.438686 1.41824
W-1_RB3+_S12_Forward  637638097 -0.106049 1.48113
W+0_RB3+_S12_Backward  637572565 0.0860483 1.52843
W+0_RB3+_S12_Forward  637638101 -0.0127051 1.42797
W+1_RB3+_S12_Backward  637572569 -0.0910466 1.37546
W+1_RB3+_S12_Forward  637638105 -0.0487882 1.3603
W+2_RB3+_S12_Backward  637572573 0.0499293 1.30891
W+2_RB3+_S12_Forward  637638109 -0.0547304 1.47425
RE-3_R2_CH03_A  637575236 0 0
RE-3_R2_CH03_B  637608004 0 0
RE-3_R2_CH03_C  637640772 0 0
RE+3_R2_CH03_A  637575238 -0.593279 3.49664
RE+3_R2_CH03_B  637608006 -0.0952295 3.40793
RE+3_R2_CH03_C  637640774 1.17117 2.33915
RE-3_R3_CH03_A  637575240 0 0
RE-3_R3_CH03_B  637608008 0 0
RE-3_R3_CH03_C  637640776 0 0
RE+3_R3_CH03_A  637575242 0 0
RE+3_R3_CH03_B  637608010 0 0
RE+3_R3_CH03_C  637640778 0 0
RE-3_R2_CH09_A  637575364 0 0
RE-3_R2_CH09_B  637608132 0 0
RE-3_R2_CH09_C  637640900 0 0
RE+3_R2_CH09_A  637575366 0.330264 2.61401
RE+3_R2_CH09_B  637608134 -0.00649288 2.42102
RE+3_R2_CH09_C  637640902 -0.245649 2.28416
RE-3_R3_CH09_A  637575368 0 0
RE-3_R3_CH09_B  637608136 0 0
RE-3_R3_CH09_C  637640904 0 0
RE+3_R3_CH09_A  637575370 0.662563 2.82508
RE+3_R3_CH09_B  637608138 0.414024 2.79461
RE+3_R3_CH09_C  637640906 0.231815 2.57357
RE-3_R2_CH15_A  637575492 0 0
RE-3_R2_CH15_B  637608260 0 0
RE-3_R2_CH15_C  637641028 0 0
RE+3_R2_CH15_A  637575494 0.625924 3.54508
RE+3_R2_CH15_B  637608262 0.678933 2.8116
RE+3_R2_CH15_C  637641030 -0.71667 2.67986
RE-3_R3_CH15_A  637575496 0 0
RE-3_R3_CH15_B  637608264 0 0
RE-3_R3_CH15_C  637641032 0 0
RE+3_R3_CH15_A  637575498 1.60899 3.55018
RE+3_R3_CH15_B  637608266 1.03148 3.76553
RE+3_R3_CH15_C  637641034 0.821766 3.37051
RE-3_R2_CH21_A  637575620 0 0
RE-3_R2_CH21_B  637608388 0 0
RE-3_R2_CH21_C  637641156 0 0
RE+3_R2_CH21_A  637575622 0.236007 4.13712
RE+3_R2_CH21_B  637608390 0.267563 3.74165
RE+3_R2_CH21_C  637641158 1.62998 2.83196
RE-3_R3_CH21_A  637575624 0 0
RE-3_R3_CH21_B  637608392 0 0
RE-3_R3_CH21_C  637641160 0 0
RE+3_R3_CH21_A  637575626 -1.23223 3.35332
RE+3_R3_CH21_B  637608394 -0.677221 3.98387
RE+3_R3_CH21_C  637641162 -0.551274 3.57231
RE-3_R2_CH27_A  637575748 0 0
RE-3_R2_CH27_B  637608516 0 0
RE-3_R2_CH27_C  637641284 0 0
RE+3_R2_CH27_A  637575750 0.275213 2.31448
RE+3_R2_CH27_B  637608518 0.102905 2.75393
RE+3_R2_CH27_C  637641286 0.550029 1.92125
RE-3_R3_CH27_A  637575752 0 0
RE-3_R3_CH27_B  637608520 0 0
RE-3_R3_CH27_C  637641288 0 0
RE+3_R3_CH27_A  637575754 0.584844 3.52033
RE+3_R3_CH27_B  637608522 0.295114 3.26291
RE+3_R3_CH27_C  637641290 0.41577 2.97664
RE-3_R2_CH33_A  637575876 0 0
RE-3_R2_CH33_B  637608644 0 0
RE-3_R2_CH33_C  637641412 0 0
RE+3_R2_CH33_A  637575878 0.269675 3.76544
RE+3_R2_CH33_B  637608646 0.221705 3.44467
RE+3_R2_CH33_C  637641414 -0.891337 2.73571
RE-3_R3_CH33_A  637575880 0 0
RE-3_R3_CH33_B  637608648 0 0
RE-3_R3_CH33_C  637641416 0 0
RE+3_R3_CH33_A  637575882 1.06595 4.06404
RE+3_R3_CH33_B  637608650 0.576381 4.14888
RE+3_R3_CH33_C  637641418 0.491235 3.91097
RE-3_R2_CH04_A  637579332 0 0
RE-3_R2_CH04_B  637612100 0 0
RE-3_R2_CH04_C  637644868 0 0
RE+3_R2_CH04_A  637579334 0.143142 1.97695
RE+3_R2_CH04_B  637612102 0.220696 1.91016
RE+3_R2_CH04_C  637644870 -0.659019 2.22157
RE-3_R3_CH04_A  637579336 0 0
RE-3_R3_CH04_B  637612104 0 0
RE-3_R3_CH04_C  637644872 0 0
RE+3_R3_CH04_A  637579338 1.04958 2.59658
RE+3_R3_CH04_B  637612106 0.487117 2.51096
RE+3_R3_CH04_C  637644874 0.29179 2.24184
RE-3_R2_CH10_A  637579460 0 0
RE-3_R2_CH10_B  637612228 0 0
RE-3_R2_CH10_C  637644996 0 0
RE+3_R2_CH10_A  637579462 0.483041 2.44336
RE+3_R2_CH10_B  637612230 -0.162916 2.45449
RE+3_R2_CH10_C  637644998 -0.0962686 2.59354
RE-3_R3_CH10_A  637579464 0 0
RE-3_R3_CH10_B  637612232 0 0
RE-3_R3_CH10_C  637645000 0 0
RE+3_R3_CH10_A  637579466 0.739206 2.47088
RE+3_R3_CH10_B  637612234 0.579861 2.46664
RE+3_R3_CH10_C  637645002 0.483758 2.08321
RE-3_R2_CH16_A  637579588 0 0
RE-3_R2_CH16_B  637612356 0 0
RE-3_R2_CH16_C  637645124 0 0
RE+3_R2_CH16_A  637579590 0.321979 2.35523
RE+3_R2_CH16_B  637612358 0.066343 2.15602
RE+3_R2_CH16_C  637645126 0.362142 1.42606
RE-3_R3_CH16_A  637579592 0 0
RE-3_R3_CH16_B  637612360 0 0
RE-3_R3_CH16_C  637645128 0 0
RE+3_R3_CH16_A  637579594 0.221503 3.10469
RE+3_R3_CH16_B  637612362 0.19762 2.73187
RE+3_R3_CH16_C  637645130 0.164813 2.52285
RE-3_R2_CH22_A  637579716 0 0
RE-3_R2_CH22_B  637612484 0 0
RE-3_R2_CH22_C  637645252 0 0
RE+3_R2_CH22_A  637579718 0.756411 2.64825
RE+3_R2_CH22_B  637612486 0.356383 2.07082
RE+3_R2_CH22_C  637645254 -1.33386 1.8636
RE-3_R3_CH22_A  637579720 0 0
RE-3_R3_CH22_B  637612488 0 0
RE-3_R3_CH22_C  637645256 0 0
RE+3_R3_CH22_A  637579722 0.817262 2.76892
RE+3_R3_CH22_B  637612490 0.349847 2.76175
RE+3_R3_CH22_C  637645258 0.328266 2.38989
RE-3_R2_CH28_A  637579844 0 0
RE-3_R2_CH28_B  637612612 0 0
RE-3_R2_CH28_C  637645380 0 0
RE+3_R2_CH28_A  637579846 0.229332 2.24522
RE+3_R2_CH28_B  637612614 0.216048 1.84614
RE+3_R2_CH28_C  637645382 0.550407 0.999701
RE-3_R3_CH28_A  637579848 0 0
RE-3_R3_CH28_B  637612616 0 0
RE-3_R3_CH28_C  637645384 0 0
RE+3_R3_CH28_A  637579850 0.0445633 2.65065
RE+3_R3_CH28_B  637612618 0.326635 2.80783
RE+3_R3_CH28_C  637645386 0.320187 2.50411
RE-3_R2_CH34_A  637579972 0 0
RE-3_R2_CH34_B  637612740 0 0
RE-3_R2_CH34_C  637645508 0 0
RE+3_R2_CH34_A  637579974 0.344226 1.91729
RE+3_R2_CH34_B  637612742 0.0993779 1.74908
RE+3_R2_CH34_C  637645510 0.438296 1.73164
RE-3_R3_CH34_A  637579976 0 0
RE-3_R3_CH34_B  637612744 0 0
RE-3_R3_CH34_C  637645512 0 0
RE+3_R3_CH34_A  637579978 -0.465677 2.90281
RE+3_R3_CH34_B  637612746 0.0514811 2.79467
RE+3_R3_CH34_C  637645514 0.17533 2.3428
RE-3_R2_CH05_A  637583428 0 0
RE-3_R2_CH05_B  637616196 0 0
RE-3_R2_CH05_C  637648964 0 0
RE+3_R2_CH05_A  637583430 0 0
RE+3_R2_CH05_B  637616198 0 0
RE+3_R2_CH05_C  637648966 0 0
RE-3_R3_CH05_A  637583432 0 0
RE-3_R3_CH05_B  637616200 0 0
RE-3_R3_CH05_C  637648968 0 0
RE+3_R3_CH05_A  637583434 0 0
RE+3_R3_CH05_B  637616202 0 0
RE+3_R3_CH05_C  637648970 0 0
RE-3_R2_CH11_A  637583556 0 0
RE-3_R2_CH11_B  637616324 0 0
RE-3_R2_CH11_C  637649092 0 0
RE+3_R2_CH11_A  637583558 0.350847 2.73845
RE+3_R2_CH11_B  637616326 0.555221 2.4866
RE+3_R2_CH11_C  637649094 -0.540828 2.2361
RE-3_R3_CH11_A  637583560 0 0
RE-3_R3_CH11_B  637616328 0 0
RE-3_R3_CH11_C  637649096 0 0
RE+3_R3_CH11_A  637583562 1.64783 2.96399
RE+3_R3_CH11_B  637616330 0.645918 2.98726
RE+3_R3_CH11_C  637649098 0.598177 2.70283
RE-3_R2_CH17_A  637583684 0 0
RE-3_R2_CH17_B  637616452 0 0
RE-3_R2_CH17_C  637649220 0 0
RE+3_R2_CH17_A  637583686 0.0395021 4.13243
RE+3_R2_CH17_B  637616454 0.558152 3.29621
RE+3_R2_CH17_C  637649222 0.249352 2.62737
RE-3_R3_CH17_A  637583688 0 0
RE-3_R3_CH17_B  637616456 0 0
RE-3_R3_CH17_C  637649224 0 0
RE+3_R3_CH17_A  637583690 -0.407433 4.59569
RE+3_R3_CH17_B  637616458 -0.800281 4.69159
RE+3_R3_CH17_C  637649226 -0.269199 3.9859
RE-3_R2_CH23_A  637583812 0 0
RE-3_R2_CH23_B  637616580 0 0
RE-3_R2_CH23_C  637649348 0 0
RE+3_R2_CH23_A  637583814 -0.405479 3.39216
RE+3_R2_CH23_B  637616582 -0.511972 3.06446
RE+3_R2_CH23_C  637649350 1.8048 3.14328
RE-3_R3_CH23_A  637583816 0 0
RE-3_R3_CH23_B  637616584 0 0
RE-3_R3_CH23_C  637649352 0 0
RE+3_R3_CH23_A  637583818 -1.39294 3.64974
RE+3_R3_CH23_B  637616586 -0.903331 3.62129
RE+3_R3_CH23_C  637649354 -0.893747 3.22495
RE-3_R2_CH29_A  637583940 0 0
RE-3_R2_CH29_B  637616708 0 0
RE-3_R2_CH29_C  637649476 0 0
RE+3_R2_CH29_A  637583942 -1.4259 0
RE+3_R2_CH29_B  637616710 0 0
RE+3_R2_CH29_C  637649478 0 0
RE-3_R3_CH29_A  637583944 0 0
RE-3_R3_CH29_B  637616712 0 0
RE-3_R3_CH29_C  637649480 0 0
RE+3_R3_CH29_A  637583946 0 0
RE+3_R3_CH29_B  637616714 0 0
RE+3_R3_CH29_C  637649482 0 0
RE-3_R2_CH35_A  637584068 0 0
RE-3_R2_CH35_B  637616836 0 0
RE-3_R2_CH35_C  637649604 0 0
RE+3_R2_CH35_A  637584070 0 0
RE+3_R2_CH35_B  637616838 0 0
RE+3_R2_CH35_C  637649606 0 0
RE-3_R3_CH35_A  637584072 0 0
RE-3_R3_CH35_B  637616840 0 0
RE-3_R3_CH35_C  637649608 0 0
RE+3_R3_CH35_A  637584074 0 0
RE+3_R3_CH35_B  637616842 0 0
RE+3_R3_CH35_C  637649610 0 0
RE-3_R2_CH06_A  637587524 0 0
RE-3_R2_CH06_B  637620292 0 0
RE-3_R2_CH06_C  637653060 0 0
RE+3_R2_CH06_A  637587526 0.470068 1.96766
RE+3_R2_CH06_B  637620294 0.415369 2.23774
RE+3_R2_CH06_C  637653062 -0.452057 1.69271
RE-3_R3_CH06_A  637587528 0 0
RE-3_R3_CH06_B  637620296 0 0
RE-3_R3_CH06_C  637653064 0 0
RE+3_R3_CH06_A  637587530 0.543353 2.4892
RE+3_R3_CH06_B  637620298 0.266572 2.27873
RE+3_R3_CH06_C  637653066 0.248806 2.11014
RE-3_R2_CH12_A  637587652 0 0
RE-3_R2_CH12_B  637620420 0 0
RE-3_R2_CH12_C  637653188 0 0
RE+3_R2_CH12_A  637587654 0.385272 1.99883
RE+3_R2_CH12_B  637620422 0.306429 1.71334
RE+3_R2_CH12_C  637653190 0.222832 1.88191
RE-3_R3_CH12_A  637587656 0 0
RE-3_R3_CH12_B  637620424 0 0
RE-3_R3_CH12_C  637653192 0 0
RE+3_R3_CH12_A  637587658 0.245385 2.19978
RE+3_R3_CH12_B  637620426 0.611187 2.53029
RE+3_R3_CH12_C  637653194 0.395631 2.16338
RE-3_R2_CH18_A  637587780 0 0
RE-3_R2_CH18_B  637620548 0 0
RE-3_R2_CH18_C  637653316 0 0
RE+3_R2_CH18_A  637587782 0.788413 3.30992
RE+3_R2_CH18_B  637620550 0.27421 2.00915
RE+3_R2_CH18_C  637653318 0.735688 2.61667
RE-3_R3_CH18_A  637587784 0 0
RE-3_R3_CH18_B  637620552 0 0
RE-3_R3_CH18_C  637653320 0 0
RE+3_R3_CH18_A  637587786 0.731301 2.95805
RE+3_R3_CH18_B  637620554 0.560642 2.98715
RE+3_R3_CH18_C  637653322 -0.0512265 2.9175
RE-3_R2_CH24_A  637587908 0 0
RE-3_R2_CH24_B  637620676 0 0
RE-3_R2_CH24_C  637653444 0 0
RE+3_R2_CH24_A  637587910 0.989947 2.73576
RE+3_R2_CH24_B  637620678 0.209131 2.43287
RE+3_R2_CH24_C  637653446 0.0446419 1.4343
RE-3_R3_CH24_A  637587912 0 0
RE-3_R3_CH24_B  637620680 0 0
RE-3_R3_CH24_C  637653448 0 0
RE+3_R3_CH24_A  637587914 0.907168 2.34325
RE+3_R3_CH24_B  637620682 0.83293 2.72379
RE+3_R3_CH24_C  637653450 0.600268 2.3862
RE-3_R2_CH30_A  637588036 0 0
RE-3_R2_CH30_B  637620804 0 0
RE-3_R2_CH30_C  637653572 0 0
RE+3_R2_CH30_A  637588038 0.305466 2.20376
RE+3_R2_CH30_B  637620806 0.0565815 1.94442
RE+3_R2_CH30_C  637653574 0.449074 1.84606
RE-3_R3_CH30_A  637588040 0 0
RE-3_R3_CH30_B  637620808 0 0
RE-3_R3_CH30_C  637653576 0 0
RE+3_R3_CH30_A  637588042 0 0
RE+3_R3_CH30_B  637620810 0.442462 2.67282
RE+3_R3_CH30_C  637653578 0.0107161 2.76577
RE-3_R2_CH36_A  637588164 0 0
RE-3_R2_CH36_B  637620932 0 0
RE-3_R2_CH36_C  637653700 0 0
RE+3_R2_CH36_A  637588166 0 0
RE+3_R2_CH36_B  637620934 0 0
RE+3_R2_CH36_C  637653702 0 0
RE-3_R3_CH36_A  637588168 0 0
RE-3_R3_CH36_B  637620936 0 0
RE-3_R3_CH36_C  637653704 0 0
RE+3_R3_CH36_A  637588170 0 0
RE+3_R3_CH36_B  637620938 0 0
RE+3_R3_CH36_C  637653706 0 0
W-2_RB4-_S01_Backward  637567085 -0.153345 1.86633
W-2_RB4-_S01_Forward  637632621 0.0801093 1.74173
W-1_RB4-_S01_Backward  637567089 0.142094 1.73239
W-1_RB4-_S01_Forward  637632625 0.146001 1.70661
W+0_RB4-_S01_Backward  637567093 0.030186 1.80458
W+0_RB4-_S01_Forward  637632629 0.0767119 2.02346
W+1_RB4-_S01_Backward  637567097 -0.169124 1.97366
W+1_RB4-_S01_Forward  637632633 -0.17893 2.13576
W+2_RB4-_S01_Backward  637567101 0.0329348 1.71379
W+2_RB4-_S01_Forward  637632637 -0.200193 1.78082
W-2_RB4-_S02_Backward  637567213 0.427032 1.4731
W-2_RB4-_S02_Forward  637632749 0.135968 2.33325
W-1_RB4-_S02_Backward  637567217 0.249401 1.61597
W-1_RB4-_S02_Forward  637632753 0.283747 2.00245
W+0_RB4-_S02_Backward  637567221 -0.0603157 5.8939
W+0_RB4-_S02_Forward  637632757 -0.37717 4.61782
W+1_RB4-_S02_Backward  637567225 -0.128955 1.58093
W+1_RB4-_S02_Forward  637632761 -0.154348 1.98686
W+2_RB4-_S02_Backward  637567229 -0.624428 1.63389
W+2_RB4-_S02_Forward  637632765 -0.299827 1.76632
W-2_RB4-_S03_Backward  637567341 0.409638 1.70987
W-2_RB4-_S03_Forward  637632877 0.281148 2.04195
W-1_RB4-_S03_Backward  637567345 0.249768 1.50176
W-1_RB4-_S03_Forward  637632881 0.313666 1.64433
W+0_RB4-_S03_Backward  637567349 -0.152223 1.51587
W+0_RB4-_S03_Forward  637632885 -0.0887179 1.75381
W+1_RB4-_S03_Backward  637567353 -0.0858951 1.54815
W+1_RB4-_S03_Forward  637632889 -0.187516 1.68945
W+2_RB4-_S03_Backward  637567357 -0.0898296 1.56533
W+2_RB4-_S03_Forward  637632893 -0.114177 1.51778
W-2_RB4--_S04_Backward  637567469 0.0917479 1.53681
W-2_RB4--_S04_Forward  637633005 0.242919 1.41725
W-1_RB4--_S04_Backward  637567473 0.206854 1.45702
W-1_RB4--_S04_Forward  637633009 0.205482 1.41025
W+0_RB4--_S04_Backward  637567477 0.514802 1.42072
W+0_RB4--_S04_Forward  637633013 0.281292 1.50135
W+1_RB4--_S04_Backward  637567481 0.0400321 1.30746
W+1_RB4--_S04_Forward  637633017 -0.255046 1.55357
W+2_RB4--_S04_Backward  637567485 -0.427248 1.48338
W+2_RB4--_S04_Forward  637633021 -0.440822 1.38694
W-2_RB4-_S05_Backward  637567597 0.0768669 1.38514
W-2_RB4-_S05_Forward  637633133 0.118917 1.54118
W-1_RB4-_S05_Backward  637567601 0.120608 1.46699
W-1_RB4-_S05_Forward  637633137 0.10549 1.64805
W+0_RB4-_S05_Backward  637567605 -0.11233 1.56951
W+0_RB4-_S05_Forward  637633141 8.07874e-05 1.72444
W+1_RB4-_S05_Backward  637567609 -0.00235874 1.55067
W+1_RB4-_S05_Forward  637633145 0.0145261 1.63978
W+2_RB4-_S05_Backward  637567613 0 0
W+2_RB4-_S05_Forward  637633149 -0.0907479 2.14853
W-2_RB4-_S06_Backward  637567725 0.000811179 1.44305
W-2_RB4-_S06_Forward  637633261 -0.0256519 1.68865
W-1_RB4-_S06_Backward  637567729 0 0
W-1_RB4-_S06_Forward  637633265 0 0
W+0_RB4-_S06_Backward  637567733 0.101896 1.60725
W+0_RB4-_S06_Forward  637633269 0.076402 1.59393
W+1_RB4-_S06_Backward  637567737 0.0500216 1.89433
W+1_RB4-_S06_Forward  637633273 0.208743 1.81921
W+2_RB4-_S06_Backward  637567741 0.0721728 1.8956
W+2_RB4-_S06_Forward  637633277 -0.130626 2.14522
W-2_RB4-_S07_Backward  637567853 0.0585602 1.26878
W-2_RB4-_S07_Forward  637633389 0.0207477 1.80836
W-1_RB4-_S07_Backward  637567857 0.189478 1.61268
W-1_RB4-_S07_Forward  637633393 0.204044 1.97843
W+0_RB4-_S07_Backward  637567861 0.0720437 1.58418
W+0_RB4-_S07_Forward  637633397 0.136449 1.59527
W+1_RB4-_S07_Backward  637567865 0 0
W+1_RB4-_S07_Forward  637633401 0 0
W+2_RB4-_S07_Backward  637567869 -0.0401356 1.6811
W+2_RB4-_S07_Forward  637633405 -0.136417 1.93678
W-2_RB4-_S08_Backward  637567981 0.0143756 1.56296
W-2_RB4-_S08_Forward  637633517 0.185825 1.64955
W-1_RB4-_S08_Backward  637567985 -0.00419077 1.74801
W-1_RB4-_S08_Forward  637633521 0.0380273 1.8085
W+0_RB4-_S08_Backward  637567989 0.169428 1.5815
W+0_RB4-_S08_Forward  637633525 0.0412923 2.54355
W+1_RB4-_S08_Backward  637567993 0.0224734 1.50555
W+1_RB4-_S08_Forward  637633529 -0.0735155 1.64935
W+2_RB4-_S08_Backward  637567997 0.110355 2.15273
W+2_RB4-_S08_Forward  637633533 -0.0143638 1.69968
W-2_RB4_S09_Backward  637568109 0.214218 1.50431
W-2_RB4_S09_Forward  637633645 -0.0793694 1.64549
W-1_RB4_S09_Backward  637568113 0.149818 1.69675
W-1_RB4_S09_Forward  637633649 -0.034242 1.89942
W+0_RB4_S09_Backward  637568117 0.0445516 1.63694
W+0_RB4_S09_Forward  637633653 0.101412 1.76054
W+1_RB4_S09_Backward  637568121 -0.0215084 2.02398
W+1_RB4_S09_Forward  637633657 -0.19861 1.74537
W+2_RB4_S09_Backward  637568125 0 0
W+2_RB4_S09_Forward  637633661 0 0
W-2_RB4-_S10_Backward  637568237 -0.297882 1.60759
W-2_RB4-_S10_Forward  637633773 -0.339288 1.65176
W-1_RB4-_S10_Backward  637568241 -0.643959 1.55731
W-1_RB4-_S10_Forward  637633777 -0.917059 1.77516
W+0_RB4-_S10_Backward  637568245 0.626889 1.55053
W+0_RB4-_S10_Forward  637633781 0.607427 1.86336
W+1_RB4-_S10_Backward  637568249 0.218066 1.64226
W+1_RB4-_S10_Forward  637633785 0.268983 1.90351
W+2_RB4-_S10_Backward  637568253 -0.275983 1.61985
W+2_RB4-_S10_Forward  637633789 -0.329452 1.94566
W-2_RB4_S11_Backward  637568365 0.00661743 1.52278
W-2_RB4_S11_Forward  637633901 -0.00319146 1.83183
W-1_RB4_S11_Backward  637568369 0.146796 1.64844
W-1_RB4_S11_Forward  637633905 0.0612967 1.79019
W+0_RB4_S11_Backward  637568373 0.45408 1.56086
W+0_RB4_S11_Forward  637633909 0.265155 1.84618
W+1_RB4_S11_Backward  637568377 -0.137067 1.87756
W+1_RB4_S11_Forward  637633913 -0.0766987 2.19315
W+2_RB4_S11_Backward  637568381 -0.055889 1.5473
W+2_RB4_S11_Forward  637633917 -0.0860019 1.88195
W-2_RB4-_S12_Backward  637568493 0.420161 1.55721
W-2_RB4-_S12_Forward  637634029 0.352795 1.4863
W-1_RB4-_S12_Backward  637568497 0.0921463 1.50784
W-1_RB4-_S12_Forward  637634033 0.0491649 1.48548
W+0_RB4-_S12_Backward  637568501 0.265462 1.56627
W+0_RB4-_S12_Forward  637634037 0.200466 1.75489
W+1_RB4-_S12_Backward  637568505 -0.246873 1.55155
W+1_RB4-_S12_Forward  637634041 -0.182379 1.80461
W+2_RB4-_S12_Backward  637568509 -0.259277 1.46861
W+2_RB4-_S12_Forward  637634045 -0.411225 1.74019
W-2_RB4+_S01_Backward  637571181 -0.112355 1.62304
W-2_RB4+_S01_Forward  637636717 -0.0756738 1.55856
W-1_RB4+_S01_Backward  637571185 -0.15403 1.59091
W-1_RB4+_S01_Forward  637636721 -0.133464 2.25808
W+0_RB4+_S01_Backward  637571189 0.133284 1.53444
W+0_RB4+_S01_Forward  637636725 0.00916139 1.44229
W+1_RB4+_S01_Backward  637571193 -0.0112851 1.52428
W+1_RB4+_S01_Forward  637636729 -0.0963452 1.72895
W+2_RB4+_S01_Backward  637571197 0.208692 1.8318
W+2_RB4+_S01_Forward  637636733 0.119049 1.73039
W-2_RB4+_S02_Backward  637571309 0.331608 1.55915
W-2_RB4+_S02_Forward  637636845 0.414971 1.72331
W-1_RB4+_S02_Backward  637571313 0.403102 1.60777
W-1_RB4+_S02_Forward  637636849 0.20028 1.83351
W+0_RB4+_S02_Backward  637571317 -0.250884 1.55156
W+0_RB4+_S02_Forward  637636853 -0.201069 2.13489
W+1_RB4+_S02_Backward  637571321 -0.125655 1.65381
W+1_RB4+_S02_Forward  637636857 -0.272934 1.65978
W+2_RB4+_S02_Backward  637571325 -0.434967 1.69573
W+2_RB4+_S02_Forward  637636861 -0.395936 1.77903
W-2_RB4+_S03_Backward  637571437 0.108998 1.60933
W-2_RB4+_S03_Forward  637636973 0.0182369 1.65984
W-1_RB4+_S03_Backward  637571441 0.0494988 1.52349
W-1_RB4+_S03_Forward  637636977 0.253221 1.86896
W+0_RB4+_S03_Backward  637571445 -0.0651096 1.58881
W+0_RB4+_S03_Forward  637636981 0.116759 2.08216
W+1_RB4+_S03_Backward  637571449 -0.15044 1.64944
W+1_RB4+_S03_Forward  637636985 -0.150476 1.55478
W+2_RB4+_S03_Backward  637571453 0.130566 1.65316
W+2_RB4+_S03_Forward  637636989 0.185241 1.79686
W-2_RB4-+_S04_Backward  637571565 0.180832 1.31904
W-2_RB4-+_S04_Forward  637637101 0.230131 1.35806
W-1_RB4-+_S04_Backward  637571569 -0.00879858 1.37958
W-1_RB4-+_S04_Forward  637637105 -0.00632914 1.37578
W+0_RB4-+_S04_Backward  637571573 0.291127 1.50378
W+0_RB4-+_S04_Forward  637637109 0.313919 1.34654
W+1_RB4-+_S04_Backward  637571577 0.0831962 1.37191
W+1_RB4-+_S04_Forward  637637113 -0.225832 1.58016
W+2_RB4-+_S04_Backward  637571581 -0.134855 1.51653
W+2_RB4-+_S04_Forward  637637117 -0.256646 1.83307
W-2_RB4+_S05_Backward  637571693 -0.578713 1.51025
W-2_RB4+_S05_Forward  637637229 -0.65328 1.63994
W-1_RB4+_S05_Backward  637571697 0.0738683 1.53838
W-1_RB4+_S05_Forward  637637233 0.0593089 1.68268
W+0_RB4+_S05_Backward  637571701 -0.548386 1.45516
W+0_RB4+_S05_Forward  637637237 -0.815327 1.50511
W+1_RB4+_S05_Backward  637571705 0.368616 1.50476
W+1_RB4+_S05_Forward  637637241 0.292512 1.86554
W+2_RB4+_S05_Backward  637571709 0 0
W+2_RB4+_S05_Forward  637637245 0.379192 1.67777
W-2_RB4+_S06_Backward  637571821 -0.144723 1.64039
W-2_RB4+_S06_Forward  637637357 0.0675624 2.04292
W-1_RB4+_S06_Backward  637571825 -0.515297 1.48846
W-1_RB4+_S06_Forward  637637361 -0.477843 1.95069
W+0_RB4+_S06_Backward  637571829 0.553532 1.59651
W+0_RB4+_S06_Forward  637637365 0.508015 1.74815
W+1_RB4+_S06_Backward  637571833 0.488538 1.69709
W+1_RB4+_S06_Forward  637637369 0.514513 1.81408
W+2_RB4+_S06_Backward  637571837 0.402048 1.44879
W+2_RB4+_S06_Forward  637637373 0.393762 1.61947
W-2_RB4+_S07_Backward  637571949 -0.523871 1.81083
W-2_RB4+_S07_Forward  637637485 -0.342331 1.63837
W-1_RB4+_S07_Backward  637571953 -0.23785 1.67702
W-1_RB4+_S07_Forward  637637489 -0.128046 1.93369
W+0_RB4+_S07_Backward  637571957 0.375271 1.66026
W+0_RB4+_S07_Forward  637637493 0.286258 1.54427
W+1_RB4+_S07_Backward  637571961 0 0
W+1_RB4+_S07_Forward  637637497 0 0
W+2_RB4+_S07_Backward  637571965 0.442274 1.5709
W+2_RB4+_S07_Forward  637637501 0.388861 2.0214
W-2_RB4+_S08_Backward  637572077 -0.00787957 1.65366
W-2_RB4+_S08_Forward  637637613 -0.145478 1.57364
W-1_RB4+_S08_Backward  637572081 -0.137331 1.58689
W-1_RB4+_S08_Forward  637637617 -0.273763 1.80547
W+0_RB4+_S08_Backward  637572085 -0.267244 1.77946
W+0_RB4+_S08_Forward  637637621 -0.220928 1.88082
W+1_RB4+_S08_Backward  637572089 0.16364 1.83113
W+1_RB4+_S08_Forward  637637625 0.137839 2.79011
W+2_RB4+_S08_Backward  637572093 0 0
W+2_RB4+_S08_Forward  637637629 0 0
W-2_RB4+_S10_Backward  637572333 0 0
W-2_RB4+_S10_Forward  637637869 0 0
W-1_RB4+_S10_Backward  637572337 0.636846 1.63304
W-1_RB4+_S10_Forward  637637873 0.767889 1.6172
W+0_RB4+_S10_Backward  637572341 -0.181416 1.55428
W+0_RB4+_S10_Forward  637637877 -0.0195192 1.73427
W+1_RB4+_S10_Backward  637572345 0.284864 1.42068
W+1_RB4+_S10_Forward  637637881 0.229285 1.74773
W+2_RB4+_S10_Backward  637572349 0.0509045 1.58436
W+2_RB4+_S10_Forward  637637885 0.123459 1.80933
W-2_RB4+_S12_Backward  637572589 0.145197 1.684
W-2_RB4+_S12_Forward  637638125 0.0905008 2.04786
W-1_RB4+_S12_Backward  637572593 -0.107145 1.70062
W-1_RB4+_S12_Forward  637638129 0.0495969 2.60205
W+0_RB4+_S12_Backward  637572597 0.0214787 1.6258
W+0_RB4+_S12_Forward  637638133 0.158234 1.96738
W+1_RB4+_S12_Backward  637572601 -0.26043 1.73527
W+1_RB4+_S12_Forward  637638137 -0.187549 2.09915
W+2_RB4+_S12_Backward  637572605 -0.0848855 1.72
W+2_RB4+_S12_Forward  637638141 -0.0579513 2.01728
W-2_RB4+-_S04_Backward  637575661 -0.122786 1.33948
W-2_RB4+-_S04_Forward  637641197 -0.0809379 1.37244
W-1_RB4+-_S04_Backward  637575665 -0.0369874 1.34994
W-1_RB4+-_S04_Forward  637641201 -0.0333545 1.35025
W+0_RB4+-_S04_Backward  637575669 0.00568449 1.52974
W+0_RB4+-_S04_Forward  637641205 0.179013 1.72383
W+1_RB4+-_S04_Backward  637575673 0.0565572 1.31016
W+1_RB4+-_S04_Forward  637641209 -0.0325492 1.6496
W+2_RB4+-_S04_Backward  637575677 -0.125469 1.40453
W+2_RB4+-_S04_Forward  637641213 -0.183045 1.41396
W-2_RB4++_S04_Backward  637579757 -0.0596219 1.30758
W-2_RB4++_S04_Forward  637645293 -0.221472 1.45811
W-1_RB4++_S04_Backward  637579761 -0.355988 1.28856
W-1_RB4++_S04_Forward  637645297 -0.300096 1.28526
W+0_RB4++_S04_Backward  637579765 -0.196703 1.37807
W+0_RB4++_S04_Forward  637645301 -0.0433495 1.44084
W+1_RB4++_S04_Backward  637579769 0.0367035 1.39812
W+1_RB4++_S04_Forward  637645305 0.234835 1.6343
W+2_RB4++_S04_Backward  637579773 0.0847725 1.37278
W+2_RB4++_S04_Forward  637645309 0.149623 1.49859
