RE-1_R2_CH01_A  637566980 0 0
RE-1_R2_CH01_B  637599748 0 0
RE-1_R2_CH01_C  637632516 0 0
RE+1_R2_CH01_A  637566982 -0.651216 6.57996
RE+1_R2_CH01_B  637599750 0.937794 4.91368
RE+1_R2_CH01_C  637632518 -0.0305984 4.84716
RE-1_R3_CH01_A  637566984 0 0
RE-1_R3_CH01_B  637599752 0 0
RE-1_R3_CH01_C  637632520 0 0
RE+1_R3_CH01_A  637566986 -0.381408 3.26725
RE+1_R3_CH01_B  637599754 -0.0376056 3.72584
RE+1_R3_CH01_C  637632522 -0.306042 3.46441
W-2_RB1in_S01_Backward  637566989 0.170768 1.159
W-2_RB1in_S01_Forward  637632525 0.0458677 1.41051
W-1_RB1in_S01_Backward  637566993 0.111302 1.04557
W-1_RB1in_S01_Forward  637632529 0.242941 1.30238
W+0_RB1in_S01_Backward  637566997 0.0336299 1.14814
W+0_RB1in_S01_Forward  637632533 0.0271414 1.3489
W+1_RB1in_S01_Backward  637567001 0.019057 1.03714
W+1_RB1in_S01_Forward  637632537 0.0186887 1.13084
W+2_RB1in_S01_Backward  637567005 -0.0966911 1.28551
W+2_RB1in_S01_Forward  637632541 -0.119633 1.28666
RE-1_R2_CH07_A  637567108 0 0
RE-1_R2_CH07_B  637599876 0 0
RE-1_R2_CH07_C  637632644 0 0
RE+1_R2_CH07_A  637567110 -0.360321 6.12302
RE+1_R2_CH07_B  637599878 -0.32806 5.54425
RE+1_R2_CH07_C  637632646 0.392526 4.74492
RE-1_R3_CH07_A  637567112 0 0
RE-1_R3_CH07_B  637599880 0 0
RE-1_R3_CH07_C  637632648 0 0
RE+1_R3_CH07_A  637567114 0.170803 2.11127
RE+1_R3_CH07_B  637599882 0.377572 2.57715
RE+1_R3_CH07_C  637632650 0.65369 2.36412
W-2_RB1in_S02_Backward  637567117 -0.0472 1.2486
W-2_RB1in_S02_Forward  637632653 0.0678919 1.22016
W-1_RB1in_S02_Backward  637567121 0.0168432 1.17812
W-1_RB1in_S02_Forward  637632657 -0.0471032 1.37569
W+0_RB1in_S02_Backward  637567125 0.0833821 1.07753
W+0_RB1in_S02_Forward  637632661 -0.203556 1.2606
W+1_RB1in_S02_Backward  637567129 -0.0864788 1.13842
W+1_RB1in_S02_Forward  637632665 -0.00976 1.3389
W+2_RB1in_S02_Backward  637567133 0.155803 1.29656
W+2_RB1in_S02_Forward  637632669 -0.261054 1.29823
RE-1_R2_CH13_A  637567236 0 0
RE-1_R2_CH13_B  637600004 0 0
RE-1_R2_CH13_C  637632772 0 0
RE+1_R2_CH13_A  637567238 0.401061 6.40939
RE+1_R2_CH13_B  637600006 -0.41426 5.89632
RE+1_R2_CH13_C  637632774 1.32083 4.80437
RE-1_R3_CH13_A  637567240 0 0
RE-1_R3_CH13_B  637600008 0 0
RE-1_R3_CH13_C  637632776 0 0
RE+1_R3_CH13_A  637567242 0 0
RE+1_R3_CH13_B  637600010 0 0
RE+1_R3_CH13_C  637632778 0 0
W-2_RB1in_S03_Backward  637567245 -0.0849165 1.07514
W-2_RB1in_S03_Forward  637632781 -0.208959 1.52247
W-1_RB1in_S03_Backward  637567249 -0.063772 1.39231
W-1_RB1in_S03_Forward  637632785 0.061568 1.09197
W+0_RB1in_S03_Backward  637567253 0.194411 1.02668
W+0_RB1in_S03_Forward  637632789 0.228139 1.13172
W+1_RB1in_S03_Backward  637567257 -0.205802 0.992317
W+1_RB1in_S03_Forward  637632793 -0.175635 1.06754
W+2_RB1in_S03_Backward  637567261 -0.0529159 0.990513
W+2_RB1in_S03_Forward  637632797 0.016879 1.40531
RE-1_R2_CH19_A  637567364 0 0
RE-1_R2_CH19_B  637600132 0 0
RE-1_R2_CH19_C  637632900 0 0
RE+1_R2_CH19_A  637567366 -0.701323 6.24701
RE+1_R2_CH19_B  637600134 -0.429735 5.3822
RE+1_R2_CH19_C  637632902 -0.327374 5.43768
RE-1_R3_CH19_A  637567368 0 0
RE-1_R3_CH19_B  637600136 0 0
RE-1_R3_CH19_C  637632904 0 0
RE+1_R3_CH19_A  637567370 0.0131666 3.63374
RE+1_R3_CH19_B  637600138 0.073803 3.65978
RE+1_R3_CH19_C  637632906 0.209446 3.44811
W-2_RB1in_S04_Backward  637567373 0.128322 0.954437
W-2_RB1in_S04_Forward  637632909 0.1158 1.09261
W-1_RB1in_S04_Backward  637567377 -0.0625706 1.06649
W-1_RB1in_S04_Forward  637632913 0.058807 1.38304
W+0_RB1in_S04_Backward  637567381 0.0162184 0.974143
W+0_RB1in_S04_Forward  637632917 -0.00628923 1.06098
W+1_RB1in_S04_Backward  637567385 0.0210489 1.01036
W+1_RB1in_S04_Forward  637632921 -0.0873443 1.24881
W+2_RB1in_S04_Backward  637567389 -0.256618 0.968462
W+2_RB1in_S04_Forward  637632925 0.00294558 0.999663
RE-1_R2_CH25_A  637567492 0 0
RE-1_R2_CH25_B  637600260 0 0
RE-1_R2_CH25_C  637633028 0 0
RE+1_R2_CH25_A  637567494 -1.31181 5.92372
RE+1_R2_CH25_B  637600262 -0.860076 4.68231
RE+1_R2_CH25_C  637633030 -0.051897 4.83321
RE-1_R3_CH25_A  637567496 0 0
RE-1_R3_CH25_B  637600264 0 0
RE-1_R3_CH25_C  637633032 0 0
RE+1_R3_CH25_A  637567498 0 0
RE+1_R3_CH25_B  637600266 0 0
RE+1_R3_CH25_C  637633034 0 0
W-2_RB1in_S05_Backward  637567501 0.0811048 1.08972
W-2_RB1in_S05_Forward  637633037 0.0969908 0.997465
W-1_RB1in_S05_Backward  637567505 0.135553 0.978296
W-1_RB1in_S05_Forward  637633041 0.119459 1.06614
W+0_RB1in_S05_Backward  637567509 0.10506 0.987512
W+0_RB1in_S05_Forward  637633045 0.0406966 1.04789
W+1_RB1in_S05_Backward  637567513 -0.182583 0.970153
W+1_RB1in_S05_Forward  637633049 -0.215681 1.1488
W+2_RB1in_S05_Backward  637567517 -0.00885759 1.01064
W+2_RB1in_S05_Forward  637633053 -0.161562 1.19354
RE-1_R2_CH31_A  637567620 0 0
RE-1_R2_CH31_B  637600388 0 0
RE-1_R2_CH31_C  637633156 0 0
RE+1_R2_CH31_A  637567622 0.104286 6.46363
RE+1_R2_CH31_B  637600390 -0.363213 5.35979
RE+1_R2_CH31_C  637633158 -0.427872 4.51302
RE-1_R3_CH31_A  637567624 0 0
RE-1_R3_CH31_B  637600392 0 0
RE-1_R3_CH31_C  637633160 0 0
RE+1_R3_CH31_A  637567626 0.168613 3.17075
RE+1_R3_CH31_B  637600394 -0.566595 3.38512
RE+1_R3_CH31_C  637633162 -1.02682 2.84436
W-2_RB1in_S06_Backward  637567629 -0.0341146 1.07767
W-2_RB1in_S06_Forward  637633165 -0.00873781 1.2196
W-1_RB1in_S06_Backward  637567633 -0.0908583 1.08663
W-1_RB1in_S06_Forward  637633169 -0.15365 1.15709
W+0_RB1in_S06_Backward  637567637 0.0131528 1.08291
W+0_RB1in_S06_Forward  637633173 0.0646247 1.58548
W+1_RB1in_S06_Backward  637567641 0.0141877 1.09535
W+1_RB1in_S06_Forward  637633177 0.115553 1.47284
W+2_RB1in_S06_Backward  637567645 0.0262249 1.07059
W+2_RB1in_S06_Forward  637633181 -0.0566576 1.18808
W-2_RB1in_S07_Backward  637567757 -0.310558 1.21324
W-2_RB1in_S07_Forward  637633293 -0.370065 1.38009
W-1_RB1in_S07_Backward  637567761 -0.00831359 1.04146
W-1_RB1in_S07_Forward  637633297 -0.372777 1.11931
W+0_RB1in_S07_Backward  637567765 0.101411 1.08936
W+0_RB1in_S07_Forward  637633301 0.118795 1.11222
W+1_RB1in_S07_Backward  637567769 0 0
W+1_RB1in_S07_Forward  637633305 0 0
W+2_RB1in_S07_Backward  637567773 0.0740311 1.18565
W+2_RB1in_S07_Forward  637633309 0.184416 1.52541
W-2_RB1in_S08_Backward  637567885 -0.300424 1.10152
W-2_RB1in_S08_Forward  637633421 -0.253652 1.37558
W-1_RB1in_S08_Backward  637567889 -0.234527 1.03195
W-1_RB1in_S08_Forward  637633425 -0.268033 1.10009
W+0_RB1in_S08_Backward  637567893 -0.141956 1.10021
W+0_RB1in_S08_Forward  637633429 -0.295707 1.10936
W+1_RB1in_S08_Backward  637567897 0.293336 1.06446
W+1_RB1in_S08_Forward  637633433 0.102252 1.21059
W+2_RB1in_S08_Backward  637567901 0.273433 1.09985
W+2_RB1in_S08_Forward  637633437 0.242245 1.67062
W-2_RB1in_S09_Backward  637568013 -0.00353728 0.992788
W-2_RB1in_S09_Forward  637633549 -0.0288342 1.12052
W-1_RB1in_S09_Backward  637568017 -0.00208983 0.968553
W-1_RB1in_S09_Forward  637633553 0.113267 1.16734
W+0_RB1in_S09_Backward  637568021 -0.362556 1.04354
W+0_RB1in_S09_Forward  637633557 -0.044984 1.37539
W+1_RB1in_S09_Backward  637568025 0.132821 1.08609
W+1_RB1in_S09_Forward  637633561 0.112751 1.27125
W+2_RB1in_S09_Backward  637568029 0.309482 1.05775
W+2_RB1in_S09_Forward  637633565 0.217829 1.43259
W-2_RB1in_S10_Backward  637568141 0.110173 0.942174
W-2_RB1in_S10_Forward  637633677 0.24396 1.57695
W-1_RB1in_S10_Backward  637568145 -0.0354933 1.03329
W-1_RB1in_S10_Forward  637633681 -0.0759739 1.29826
W+0_RB1in_S10_Backward  637568149 -0.0148839 0.975393
W+0_RB1in_S10_Forward  637633685 0.0891464 1.04568
W+1_RB1in_S10_Backward  637568153 0.456716 0.929295
W+1_RB1in_S10_Forward  637633689 0.0580672 0.976962
W+2_RB1in_S10_Backward  637568157 -0.00274978 1.03423
W+2_RB1in_S10_Forward  637633693 0.0468172 1.49879
W-2_RB1in_S11_Backward  637568269 -0.0211323 1.23672
W-2_RB1in_S11_Forward  637633805 -0.0609889 1.17486
W-1_RB1in_S11_Backward  637568273 0.138124 1.04794
W-1_RB1in_S11_Forward  637633809 0.0432882 1.23297
W+0_RB1in_S11_Backward  637568277 0.159062 1.09774
W+0_RB1in_S11_Forward  637633813 0.00968109 1.32282
W+1_RB1in_S11_Backward  637568281 -0.229324 1.04186
W+1_RB1in_S11_Forward  637633817 -0.248875 1.31396
W+2_RB1in_S11_Backward  637568285 0.101357 1.02727
W+2_RB1in_S11_Forward  637633821 0.0766184 1.36332
W-2_RB1in_S12_Backward  637568397 0.293863 0.990397
W-2_RB1in_S12_Forward  637633933 -0.0602966 1.44589
W-1_RB1in_S12_Backward  637568401 0.341829 1.10593
W-1_RB1in_S12_Forward  637633937 0.318767 1.35089
W+0_RB1in_S12_Backward  637568405 0.0754974 1.07675
W+0_RB1in_S12_Forward  637633941 0 0
W+1_RB1in_S12_Backward  637568409 0.0224541 1.05239
W+1_RB1in_S12_Forward  637633945 0.0255038 1.17537
W+2_RB1in_S12_Backward  637568413 5.09513 0
W+2_RB1in_S12_Forward  637633949 -0.284373 1.06722
RE-1_R2_CH02_A  637571076 0 0
RE-1_R2_CH02_B  637603844 0 0
RE-1_R2_CH02_C  637636612 0 0
RE+1_R2_CH02_A  637571078 0 0
RE+1_R2_CH02_B  637603846 0 0
RE+1_R2_CH02_C  637636614 0 0
RE-1_R3_CH02_A  637571080 0 0
RE-1_R3_CH02_B  637603848 0 0
RE-1_R3_CH02_C  637636616 0 0
RE+1_R3_CH02_A  637571082 -0.130404 3.39034
RE+1_R3_CH02_B  637603850 0.256451 3.75666
RE+1_R3_CH02_C  637636618 -0.191181 3.29484
RE-1_R2_CH08_A  637571204 0 0
RE-1_R2_CH08_B  637603972 0 0
RE-1_R2_CH08_C  637636740 0 0
RE+1_R2_CH08_A  637571206 -4.38792 1.26942
RE+1_R2_CH08_B  637603974 -3.89742 1.3174
RE+1_R2_CH08_C  637636742 -3.23771 1.30301
RE-1_R3_CH08_A  637571208 0 0
RE-1_R3_CH08_B  637603976 0 0
RE-1_R3_CH08_C  637636744 0 0
RE+1_R3_CH08_A  637571210 0.325922 2.32434
RE+1_R3_CH08_B  637603978 0.0784287 2.8614
RE+1_R3_CH08_C  637636746 -0.0714973 2.85972
RE-1_R2_CH14_A  637571332 0 0
RE-1_R2_CH14_B  637604100 0 0
RE-1_R2_CH14_C  637636868 0 0
RE+1_R2_CH14_A  637571334 -3.38104 2.44669
RE+1_R2_CH14_B  637604102 -2.5844 1.92909
RE+1_R2_CH14_C  637636870 -3.59847 1.76094
RE-1_R3_CH14_A  637571336 0 0
RE-1_R3_CH14_B  637604104 0 0
RE-1_R3_CH14_C  637636872 0 0
RE+1_R3_CH14_A  637571338 5.54546 2.77892
RE+1_R3_CH14_B  637604106 5.69746 1.62411
RE+1_R3_CH14_C  637636874 0 0
RE-1_R2_CH20_A  637571460 0 0
RE-1_R2_CH20_B  637604228 0 0
RE-1_R2_CH20_C  637636996 0 0
RE+1_R2_CH20_A  637571462 0 0
RE+1_R2_CH20_B  637604230 0 0
RE+1_R2_CH20_C  637636998 0 0
RE-1_R3_CH20_A  637571464 0 0
RE-1_R3_CH20_B  637604232 0 0
RE-1_R3_CH20_C  637637000 0 0
RE+1_R3_CH20_A  637571466 0.0500777 3.74995
RE+1_R3_CH20_B  637604234 0.640856 3.67538
RE+1_R3_CH20_C  637637002 1.08658 3.43048
RE-1_R2_CH26_A  637571588 0 0
RE-1_R2_CH26_B  637604356 0 0
RE-1_R2_CH26_C  637637124 0 0
RE+1_R2_CH26_A  637571590 -4.48575 1.67638
RE+1_R2_CH26_B  637604358 -3.84345 1.39398
RE+1_R2_CH26_C  637637126 -3.05017 1.52199
RE-1_R3_CH26_A  637571592 0 0
RE-1_R3_CH26_B  637604360 0 0
RE-1_R3_CH26_C  637637128 0 0
RE+1_R3_CH26_A  637571594 0.912533 3.51812
RE+1_R3_CH26_B  637604362 0.55425 2.80513
RE+1_R3_CH26_C  637637130 0.266404 2.92271
RE-1_R2_CH32_A  637571716 0 0
RE-1_R2_CH32_B  637604484 0 0
RE-1_R2_CH32_C  637637252 0 0
RE+1_R2_CH32_A  637571718 -4.65063 1.55312
RE+1_R2_CH32_B  637604486 -3.69603 2.77336
RE+1_R2_CH32_C  637637254 -3.41001 1.59338
RE-1_R3_CH32_A  637571720 0 0
RE-1_R3_CH32_B  637604488 0 0
RE-1_R3_CH32_C  637637256 0 0
RE+1_R3_CH32_A  637571722 0 0
RE+1_R3_CH32_B  637604490 0 0
RE+1_R3_CH32_C  637637258 0 0
RE-1_R2_CH03_A  637575172 0 0
RE-1_R2_CH03_B  637607940 0 0
RE-1_R2_CH03_C  637640708 0 0
RE+1_R2_CH03_A  637575174 0 0
RE+1_R2_CH03_B  637607942 0 0
RE+1_R2_CH03_C  637640710 0 0
RE-1_R3_CH03_A  637575176 0 0
RE-1_R3_CH03_B  637607944 0 0
RE-1_R3_CH03_C  637640712 0 0
RE+1_R3_CH03_A  637575178 0.0382613 3.26932
RE+1_R3_CH03_B  637607946 0.300432 3.44774
RE+1_R3_CH03_C  637640714 1.01313 3.27079
RE-1_R2_CH09_A  637575300 0 0
RE-1_R2_CH09_B  637608068 0 0
RE-1_R2_CH09_C  637640836 0 0
RE+1_R2_CH09_A  637575302 0.511165 6.47584
RE+1_R2_CH09_B  637608070 -0.205343 5.18107
RE+1_R2_CH09_C  637640838 0.835895 5.47476
RE-1_R3_CH09_A  637575304 0 0
RE-1_R3_CH09_B  637608072 0 0
RE-1_R3_CH09_C  637640840 0 0
RE+1_R3_CH09_A  637575306 0.305148 2.43305
RE+1_R3_CH09_B  637608074 0.216532 2.52897
RE+1_R3_CH09_C  637640842 0.139586 2.41408
RE-1_R2_CH15_A  637575428 0 0
RE-1_R2_CH15_B  637608196 0 0
RE-1_R2_CH15_C  637640964 0 0
RE+1_R2_CH15_A  637575430 0.13001 6.63639
RE+1_R2_CH15_B  637608198 -1.51305 5.50589
RE+1_R2_CH15_C  637640966 0.561262 4.33863
RE-1_R3_CH15_A  637575432 0 0
RE-1_R3_CH15_B  637608200 0 0
RE-1_R3_CH15_C  637640968 0 0
RE+1_R3_CH15_A  637575434 0 0
RE+1_R3_CH15_B  637608202 0 0
RE+1_R3_CH15_C  637640970 0 0
RE-1_R2_CH21_A  637575556 0 0
RE-1_R2_CH21_B  637608324 0 0
RE-1_R2_CH21_C  637641092 0 0
RE+1_R2_CH21_A  637575558 0 0
RE+1_R2_CH21_B  637608326 0 0
RE+1_R2_CH21_C  637641094 0 0
RE-1_R3_CH21_A  637575560 0 0
RE-1_R3_CH21_B  637608328 0 0
RE-1_R3_CH21_C  637641096 0 0
RE+1_R3_CH21_A  637575562 -0.0714975 3.31545
RE+1_R3_CH21_B  637608330 0.950398 3.43068
RE+1_R3_CH21_C  637641098 0.784695 3.2638
RE-1_R2_CH27_A  637575684 0 0
RE-1_R2_CH27_B  637608452 0 0
RE-1_R2_CH27_C  637641220 0 0
RE+1_R2_CH27_A  637575686 -1.45205 5.92355
RE+1_R2_CH27_B  637608454 -0.429957 5.85272
RE+1_R2_CH27_C  637641222 -0.837119 4.40503
RE-1_R3_CH27_A  637575688 0 0
RE-1_R3_CH27_B  637608456 0 0
RE-1_R3_CH27_C  637641224 0 0
RE+1_R3_CH27_A  637575690 0 0
RE+1_R3_CH27_B  637608458 0 0
RE+1_R3_CH27_C  637641226 0 0
RE-1_R2_CH33_A  637575812 0 0
RE-1_R2_CH33_B  637608580 0 0
RE-1_R2_CH33_C  637641348 0 0
RE+1_R2_CH33_A  637575814 -0.430315 6.44441
RE+1_R2_CH33_B  637608582 1.07214 5.72636
RE+1_R2_CH33_C  637641350 -0.306103 4.90301
RE-1_R3_CH33_A  637575816 0 0
RE-1_R3_CH33_B  637608584 0 0
RE-1_R3_CH33_C  637641352 0 0
RE+1_R3_CH33_A  637575818 0 0
RE+1_R3_CH33_B  637608586 0 0
RE+1_R3_CH33_C  637641354 0 0
RE-1_R2_CH04_A  637579268 0 0
RE-1_R2_CH04_B  637612036 0 0
RE-1_R2_CH04_C  637644804 0 0
RE+1_R2_CH04_A  637579270 -4.40991 1.42714
RE+1_R2_CH04_B  637612038 -3.86716 1.26331
RE+1_R2_CH04_C  637644806 -3.1733 1.3627
RE-1_R3_CH04_A  637579272 0 0
RE-1_R3_CH04_B  637612040 0 0
RE-1_R3_CH04_C  637644808 0 0
RE+1_R3_CH04_A  637579274 -0.544396 3.09823
RE+1_R3_CH04_B  637612042 0.162715 3.46007
RE+1_R3_CH04_C  637644810 0.410502 3.17496
RE-1_R2_CH10_A  637579396 0 0
RE-1_R2_CH10_B  637612164 0 0
RE-1_R2_CH10_C  637644932 0 0
RE+1_R2_CH10_A  637579398 0 0
RE+1_R2_CH10_B  637612166 0 0
RE+1_R2_CH10_C  637644934 0 0
RE-1_R3_CH10_A  637579400 0 0
RE-1_R3_CH10_B  637612168 0 0
RE-1_R3_CH10_C  637644936 0 0
RE+1_R3_CH10_A  637579402 0.643706 2.50788
RE+1_R3_CH10_B  637612170 -0.0204727 2.7711
RE+1_R3_CH10_C  637644938 -0.345821 2.73091
RE-1_R2_CH16_A  637579524 0 0
RE-1_R2_CH16_B  637612292 0 0
RE-1_R2_CH16_C  637645060 0 0
RE+1_R2_CH16_A  637579526 -4.54967 1.79656
RE+1_R2_CH16_B  637612294 -3.84716 1.89037
RE+1_R2_CH16_C  637645062 -3.03461 1.79014
RE-1_R3_CH16_A  637579528 0 0
RE-1_R3_CH16_B  637612296 0 0
RE-1_R3_CH16_C  637645064 0 0
RE+1_R3_CH16_A  637579530 0.0345642 3.24561
RE+1_R3_CH16_B  637612298 -0.536802 3.27243
RE+1_R3_CH16_C  637645066 -0.587415 3.40857
RE-1_R2_CH22_A  637579652 0 0
RE-1_R2_CH22_B  637612420 0 0
RE-1_R2_CH22_C  637645188 0 0
RE+1_R2_CH22_A  637579654 0 0
RE+1_R2_CH22_B  637612422 0 0
RE+1_R2_CH22_C  637645190 0 0
RE-1_R3_CH22_A  637579656 0 0
RE-1_R3_CH22_B  637612424 0 0
RE-1_R3_CH22_C  637645192 0 0
RE+1_R3_CH22_A  637579658 0.0875428 3.42773
RE+1_R3_CH22_B  637612426 0.497824 3.72333
RE+1_R3_CH22_C  637645194 0.807932 3.33657
RE-1_R2_CH28_A  637579780 0 0
RE-1_R2_CH28_B  637612548 0 0
RE-1_R2_CH28_C  637645316 0 0
RE+1_R2_CH28_A  637579782 0 0
RE+1_R2_CH28_B  637612550 0 0
RE+1_R2_CH28_C  637645318 0 0
RE-1_R3_CH28_A  637579784 0 0
RE-1_R3_CH28_B  637612552 0 0
RE-1_R3_CH28_C  637645320 0 0
RE+1_R3_CH28_A  637579786 0.27297 3.206
RE+1_R3_CH28_B  637612554 -0.265141 3.10875
RE+1_R3_CH28_C  637645322 -0.680948 3.22572
RE-1_R2_CH34_A  637579908 0 0
RE-1_R2_CH34_B  637612676 0 0
RE-1_R2_CH34_C  637645444 0 0
RE+1_R2_CH34_A  637579910 -4.69111 1.56826
RE+1_R2_CH34_B  637612678 -3.97805 1.75451
RE+1_R2_CH34_C  637645446 -3.24612 1.57857
RE-1_R3_CH34_A  637579912 0 0
RE-1_R3_CH34_B  637612680 0 0
RE-1_R3_CH34_C  637645448 0 0
RE+1_R3_CH34_A  637579914 0.382053 3.29517
RE+1_R3_CH34_B  637612682 -0.5349 3.5768
RE+1_R3_CH34_C  637645450 -0.786724 3.38282
RE-1_R2_CH05_A  637583364 0 0
RE-1_R2_CH05_B  637616132 0 0
RE-1_R2_CH05_C  637648900 0 0
RE+1_R2_CH05_A  637583366 -0.775474 6.80301
RE+1_R2_CH05_B  637616134 0.78467 5.79588
RE+1_R2_CH05_C  637648902 0.168868 5.13967
RE-1_R3_CH05_A  637583368 0 0
RE-1_R3_CH05_B  637616136 0 0
RE-1_R3_CH05_C  637648904 0 0
RE+1_R3_CH05_A  637583370 -0.274374 2.98097
RE+1_R3_CH05_B  637616138 0.275172 3.07672
RE+1_R3_CH05_C  637648906 0.413335 2.86562
RE-1_R2_CH11_A  637583492 0 0
RE-1_R2_CH11_B  637616260 0 0
RE-1_R2_CH11_C  637649028 0 0
RE+1_R2_CH11_A  637583494 0.175857 6.26611
RE+1_R2_CH11_B  637616262 1.17881 5.24229
RE+1_R2_CH11_C  637649030 1.10839 5.19296
RE-1_R3_CH11_A  637583496 0 0
RE-1_R3_CH11_B  637616264 0 0
RE-1_R3_CH11_C  637649032 0 0
RE+1_R3_CH11_A  637583498 0.151985 2.5073
RE+1_R3_CH11_B  637616266 -0.215898 2.76533
RE+1_R3_CH11_C  637649034 -0.530044 2.42738
RE-1_R2_CH17_A  637583620 0 0
RE-1_R2_CH17_B  637616388 0 0
RE-1_R2_CH17_C  637649156 0 0
RE+1_R2_CH17_A  637583622 1.34381 5.94975
RE+1_R2_CH17_B  637616390 1.19549 5.19492
RE+1_R2_CH17_C  637649158 -0.297883 4.73697
RE-1_R3_CH17_A  637583624 0 0
RE-1_R3_CH17_B  637616392 0 0
RE-1_R3_CH17_C  637649160 0 0
RE+1_R3_CH17_A  637583626 0.450992 3.23328
RE+1_R3_CH17_B  637616394 0.477314 3.68097
RE+1_R3_CH17_C  637649162 0.543294 3.70637
RE-1_R2_CH23_A  637583748 0 0
RE-1_R2_CH23_B  637616516 0 0
RE-1_R2_CH23_C  637649284 0 0
RE+1_R2_CH23_A  637583750 0 0
RE+1_R2_CH23_B  637616518 0 0
RE+1_R2_CH23_C  637649286 0 0
RE-1_R3_CH23_A  637583752 0 0
RE-1_R3_CH23_B  637616520 0 0
RE-1_R3_CH23_C  637649288 0 0
RE+1_R3_CH23_A  637583754 -0.277741 3.42411
RE+1_R3_CH23_B  637616522 0.701086 2.95707
RE+1_R3_CH23_C  637649290 0.757285 2.98982
RE-1_R2_CH29_A  637583876 0 0
RE-1_R2_CH29_B  637616644 0 0
RE-1_R2_CH29_C  637649412 0 0
RE+1_R2_CH29_A  637583878 0.296294 6.32023
RE+1_R2_CH29_B  637616646 -0.0607627 5.73196
RE+1_R2_CH29_C  637649414 0.482884 4.81578
RE-1_R3_CH29_A  637583880 0 0
RE-1_R3_CH29_B  637616648 0 0
RE-1_R3_CH29_C  637649416 0 0
RE+1_R3_CH29_A  637583882 -0.128993 3.269
RE+1_R3_CH29_B  637616650 -0.552285 2.8726
RE+1_R3_CH29_C  637649418 -1.20246 2.52914
RE-1_R2_CH35_A  637584004 0 0
RE-1_R2_CH35_B  637616772 0 0
RE-1_R2_CH35_C  637649540 0 0
RE+1_R2_CH35_A  637584006 -0.112971 6.6286
RE+1_R2_CH35_B  637616774 1.68657 4.61434
RE+1_R2_CH35_C  637649542 0.101615 5.50453
RE-1_R3_CH35_A  637584008 0 0
RE-1_R3_CH35_B  637616776 0 0
RE-1_R3_CH35_C  637649544 0 0
RE+1_R3_CH35_A  637584010 0.343452 3.58923
RE+1_R3_CH35_B  637616778 -0.10997 3.95291
RE+1_R3_CH35_C  637649546 -0.280873 3.32857
RE-1_R2_CH06_A  637587460 0 0
RE-1_R2_CH06_B  637620228 0 0
RE-1_R2_CH06_C  637652996 0 0
RE+1_R2_CH06_A  637587462 -4.52686 1.38385
RE+1_R2_CH06_B  637620230 -3.96096 1.36187
RE+1_R2_CH06_C  637652998 -3.35818 1.40534
RE-1_R3_CH06_A  637587464 0 0
RE-1_R3_CH06_B  637620232 0 0
RE-1_R3_CH06_C  637653000 0 0
RE+1_R3_CH06_A  637587466 -0.525671 2.8025
RE+1_R3_CH06_B  637620234 0.396029 3.05507
RE+1_R3_CH06_C  637653002 0.385672 2.92644
RE-1_R2_CH12_A  637587588 0 0
RE-1_R2_CH12_B  637620356 0 0
RE-1_R2_CH12_C  637653124 0 0
RE+1_R2_CH12_A  637587590 -4.72426 1.13186
RE+1_R2_CH12_B  637620358 -4.09996 1.14371
RE+1_R2_CH12_C  637653126 -3.40644 1.45681
RE-1_R3_CH12_A  637587592 0 0
RE-1_R3_CH12_B  637620360 0 0
RE-1_R3_CH12_C  637653128 0 0
RE+1_R3_CH12_A  637587594 0.297494 2.65209
RE+1_R3_CH12_B  637620362 -0.137264 2.92612
RE+1_R3_CH12_C  637653130 -0.366668 2.89274
RE-1_R2_CH18_A  637587716 0 0
RE-1_R2_CH18_B  637620484 0 0
RE-1_R2_CH18_C  637653252 0 0
RE+1_R2_CH18_A  637587718 -4.56086 1.89737
RE+1_R2_CH18_B  637620486 -3.88962 1.45603
RE+1_R2_CH18_C  637653254 -3.39008 2.05916
RE-1_R3_CH18_A  637587720 0 0
RE-1_R3_CH18_B  637620488 0 0
RE-1_R3_CH18_C  637653256 0 0
RE+1_R3_CH18_A  637587722 0.761364 3.43407
RE+1_R3_CH18_B  637620490 0.585872 3.98582
RE+1_R3_CH18_C  637653258 0.514554 3.38971
RE-1_R2_CH24_A  637587844 0 0
RE-1_R2_CH24_B  637620612 0 0
RE-1_R2_CH24_C  637653380 0 0
RE+1_R2_CH24_A  637587846 5.779 6.65895
RE+1_R2_CH24_B  637620614 -3.63488 1.43418
RE+1_R2_CH24_C  637653382 -2.95218 1.40286
RE-1_R3_CH24_A  637587848 0 0
RE-1_R3_CH24_B  637620616 0 0
RE-1_R3_CH24_C  637653384 0 0
RE+1_R3_CH24_A  637587850 0 0
RE+1_R3_CH24_B  637620618 0 0
RE+1_R3_CH24_C  637653386 0 0
RE-1_R2_CH30_A  637587972 0 0
RE-1_R2_CH30_B  637620740 0 0
RE-1_R2_CH30_C  637653508 0 0
RE+1_R2_CH30_A  637587974 -4.68091 1.44398
RE+1_R2_CH30_B  637620742 -4.08634 1.60569
RE+1_R2_CH30_C  637653510 -3.3068 1.61871
RE-1_R3_CH30_A  637587976 0 0
RE-1_R3_CH30_B  637620744 0 0
RE-1_R3_CH30_C  637653512 0 0
RE+1_R3_CH30_A  637587978 0.380346 3.11213
RE+1_R3_CH30_B  637620746 -0.244143 3.57512
RE+1_R3_CH30_C  637653514 -1.01254 3.20185
RE-1_R2_CH36_A  637588100 0 0
RE-1_R2_CH36_B  637620868 0 0
RE-1_R2_CH36_C  637653636 0 0
RE+1_R2_CH36_A  637588102 -4.82475 1.52569
RE+1_R2_CH36_B  637620870 -3.9501 1.59961
RE+1_R2_CH36_C  637653638 -0.325125 7.74461
RE-1_R3_CH36_A  637588104 0 0
RE-1_R3_CH36_B  637620872 0 0
RE-1_R3_CH36_C  637653640 0 0
RE+1_R3_CH36_A  637588106 -0.598682 3.53461
RE+1_R3_CH36_B  637620874 -0.156309 3.76399
RE+1_R3_CH36_C  637653642 -0.648418 3.86358
W-2_RB1out_S01_Backward  637569037 -0.019032 1.39236
W-2_RB1out_S01_Forward  637634573 0.0197745 1.69798
W-1_RB1out_S01_Backward  637569041 0.0130592 1.32906
W-1_RB1out_S01_Forward  637634577 0.155622 1.34131
W+0_RB1out_S01_Backward  637569045 0.0827565 1.34155
W+0_RB1out_S01_Forward  637634581 -0.0375821 1.37038
W+1_RB1out_S01_Backward  637569049 0.198406 1.37709
W+1_RB1out_S01_Forward  637634585 0.0394113 1.3682
W+2_RB1out_S01_Backward  637569053 -0.0970305 1.60262
W+2_RB1out_S01_Forward  637634589 -0.0427083 1.66833
W-2_RB1out_S02_Backward  637569165 -0.130869 1.38093
W-2_RB1out_S02_Forward  637634701 -0.292923 1.56955
W-1_RB1out_S02_Backward  637569169 -0.00980614 1.38968
W-1_RB1out_S02_Forward  637634705 1.13599 2.62849
W+0_RB1out_S02_Backward  637569173 0.326545 1.33088
W+0_RB1out_S02_Forward  637634709 0.0688291 1.56078
W+1_RB1out_S02_Backward  637569177 -0.00924252 1.28201
W+1_RB1out_S02_Forward  637634713 -0.00498226 1.32503
W+2_RB1out_S02_Backward  637569181 0.0104019 1.34785
W+2_RB1out_S02_Forward  637634717 -0.0234945 1.50477
W-2_RB1out_S03_Backward  637569293 0.0521984 1.2601
W-2_RB1out_S03_Forward  637634829 0.0470595 1.36002
W-1_RB1out_S03_Backward  637569297 0.0197107 1.1322
W-1_RB1out_S03_Forward  637634833 -0.203915 1.7662
W+0_RB1out_S03_Backward  637569301 -0.00258659 1.18474
W+0_RB1out_S03_Forward  637634837 0.0129735 1.26365
W+1_RB1out_S03_Backward  637569305 -0.0999526 1.20433
W+1_RB1out_S03_Forward  637634841 0.235188 1.77675
W+2_RB1out_S03_Backward  637569309 -0.137478 1.20836
W+2_RB1out_S03_Forward  637634845 -0.0211524 1.43398
W-2_RB1out_S04_Backward  637569421 -0.0779066 1.06421
W-2_RB1out_S04_Forward  637634957 0.0531422 1.41774
W-1_RB1out_S04_Backward  637569425 0.0967326 1.06715
W-1_RB1out_S04_Forward  637634961 -0.188713 1.10437
W+0_RB1out_S04_Backward  637569429 0.0318289 1.12131
W+0_RB1out_S04_Forward  637634965 0.00733136 1.25876
W+1_RB1out_S04_Backward  637569433 -0.207841 1.03853
W+1_RB1out_S04_Forward  637634969 -0.0302303 1.53683
W+2_RB1out_S04_Backward  637569437 -0.164845 1.23293
W+2_RB1out_S04_Forward  637634973 0.033708 1.20171
W-2_RB1out_S05_Backward  637569549 0.136897 1.14769
W-2_RB1out_S05_Forward  637635085 0.108695 1.29601
W-1_RB1out_S05_Backward  637569553 0.194431 1.13623
W-1_RB1out_S05_Forward  637635089 0.126672 1.188
W+0_RB1out_S05_Backward  637569557 0.140582 1.21913
W+0_RB1out_S05_Forward  637635093 0.281969 1.18532
W+1_RB1out_S05_Backward  637569561 -0.0888709 1.10129
W+1_RB1out_S05_Forward  637635097 -0.072093 1.15894
W+2_RB1out_S05_Backward  637569565 -0.11849 1.28096
W+2_RB1out_S05_Forward  637635101 -0.229556 1.28024
W-2_RB1out_S06_Backward  637569677 0.300911 1.29413
W-2_RB1out_S06_Forward  637635213 0.357917 1.48041
W-1_RB1out_S06_Backward  637569681 0.228502 1.16382
W-1_RB1out_S06_Forward  637635217 0.188706 1.55802
W+0_RB1out_S06_Backward  637569685 -0.0997179 1.2948
W+0_RB1out_S06_Forward  637635221 -0.207207 1.50297
W+1_RB1out_S06_Backward  637569689 -0.610043 2.56917
W+1_RB1out_S06_Forward  637635225 -0.482462 2.9128
W+2_RB1out_S06_Backward  637569693 -0.130611 1.26928
W+2_RB1out_S06_Forward  637635229 -0.277288 1.43712
W-2_RB1out_S07_Backward  637569805 0.253713 1.23582
W-2_RB1out_S07_Forward  637635341 0.489329 1.74383
W-1_RB1out_S07_Backward  637569809 0.103256 1.25313
W-1_RB1out_S07_Forward  637635345 -0.0286323 1.44809
W+0_RB1out_S07_Backward  637569813 -0.0924166 1.33953
W+0_RB1out_S07_Forward  637635349 -0.174855 1.51964
W+1_RB1out_S07_Backward  637569817 0 0
W+1_RB1out_S07_Forward  637635353 0 0
W+2_RB1out_S07_Backward  637569821 -0.14106 1.45467
W+2_RB1out_S07_Forward  637635357 -0.255056 1.48721
W-2_RB1out_S08_Backward  637569933 0.208098 1.19882
W-2_RB1out_S08_Forward  637635469 0.19266 1.56371
W-1_RB1out_S08_Backward  637569937 0.185244 1.1752
W-1_RB1out_S08_Forward  637635473 0.220639 1.35416
W+0_RB1out_S08_Backward  637569941 0.232922 1.2302
W+0_RB1out_S08_Forward  637635477 0.190762 1.54799
W+1_RB1out_S08_Backward  637569945 -0.312712 1.32896
W+1_RB1out_S08_Forward  637635481 -0.221249 1.54078
W+2_RB1out_S08_Backward  637569949 -0.260078 1.36792
W+2_RB1out_S08_Forward  637635485 -0.18939 1.65569
W-2_RB1out_S09_Backward  637570061 0.297387 1.13991
W-2_RB1out_S09_Forward  637635597 0.302978 1.31447
W-1_RB1out_S09_Backward  637570065 0.086238 1.21872
W-1_RB1out_S09_Forward  637635601 0.164734 1.66653
W+0_RB1out_S09_Backward  637570069 0.201887 1.25585
W+0_RB1out_S09_Forward  637635605 0.195552 1.29113
W+1_RB1out_S09_Backward  637570073 0.36668 1.13739
W+1_RB1out_S09_Forward  637635609 0.12668 1.36594
W+2_RB1out_S09_Backward  637570077 -0.219216 1.16451
W+2_RB1out_S09_Forward  637635613 -0.119908 1.53992
W-2_RB1out_S10_Backward  637570189 -0.0826417 1.18693
W-2_RB1out_S10_Forward  637635725 -0.0437478 1.22721
W-1_RB1out_S10_Backward  637570193 0.403973 1.33146
W-1_RB1out_S10_Forward  637635729 0.383196 1.20784
W+0_RB1out_S10_Backward  637570197 -0.0712809 1.12545
W+0_RB1out_S10_Forward  637635733 0.0165138 1.24027
W+1_RB1out_S10_Backward  637570201 -0.186491 1.1501
W+1_RB1out_S10_Forward  637635737 -0.174627 1.29266
W+2_RB1out_S10_Backward  637570205 -0.114722 1.18476
W+2_RB1out_S10_Forward  637635741 -0.0585489 1.26536
W-2_RB1out_S11_Backward  637570317 0.127526 1.14039
W-2_RB1out_S11_Forward  637635853 0.197775 1.36178
W-1_RB1out_S11_Backward  637570321 0.0833547 1.2035
W-1_RB1out_S11_Forward  637635857 -0.108657 1.26981
W+0_RB1out_S11_Backward  637570325 -0.0866175 1.16709
W+0_RB1out_S11_Forward  637635861 -0.113555 1.37839
W+1_RB1out_S11_Backward  637570329 0.0174618 1.30583
W+1_RB1out_S11_Forward  637635865 0.0408121 1.25057
W+2_RB1out_S11_Backward  637570333 -0.0379176 1.20801
W+2_RB1out_S11_Forward  637635869 -0.0858284 1.39267
W-2_RB1out_S12_Backward  637570445 -0.163411 1.23183
W-2_RB1out_S12_Forward  637635981 -0.00866928 1.44234
W-1_RB1out_S12_Backward  637570449 0.124861 1.19211
W-1_RB1out_S12_Forward  637635985 0.0474227 1.24438
W+0_RB1out_S12_Backward  637570453 -0.0536262 1.27683
W+0_RB1out_S12_Forward  637635989 0 0
W+1_RB1out_S12_Backward  637570457 -0.0094889 1.36594
W+1_RB1out_S12_Forward  637635993 -0.165294 1.49643
W+2_RB1out_S12_Backward  637570461 -0.0965694 1.36157
W+2_RB1out_S12_Forward  637635997 0.00773629 1.94074
RE-2_R2_CH01_A  637567012 0 0
RE-2_R2_CH01_B  637599780 0 0
RE-2_R2_CH01_C  637632548 0 0
RE+2_R2_CH01_A  637567014 1.37829 6.38848
RE+2_R2_CH01_B  637599782 0.034262 6.7837
RE+2_R2_CH01_C  637632550 -0.140329 4.23869
RE-2_R3_CH01_A  637567016 0 0
RE-2_R3_CH01_B  637599784 0 0
RE-2_R3_CH01_C  637632552 0 0
RE+2_R3_CH01_A  637567018 -2.43771 9.21841
RE+2_R3_CH01_B  637599786 0.000336657 7.39204
RE+2_R3_CH01_C  637632554 0.733115 7.67828
W-2_RB2in_S01_Backward  637567021 0.263853 1.25616
W-2_RB2in_S01_Forward  637632557 0.0984053 1.61886
W-1_RB2in_S01_Backward  637567025 0.270869 1.25473
W-1_RB2in_S01_Middle  637599793 1.32591 2.42363
W-1_RB2in_S01_Forward  637632561 0.835097 1.39017
W+0_RB2in_S01_Backward  637567029 0.231887 1.61872
W+0_RB2in_S01_Middle  637599797 0.158394 1.54156
W+0_RB2in_S01_Forward  637632565 0.0663526 1.56474
W+1_RB2in_S01_Backward  637567033 -0.175828 1.47603
W+1_RB2in_S01_Middle  637599801 -0.0122822 1.57275
W+1_RB2in_S01_Forward  637632569 -0.00177618 2.19162
W+2_RB2in_S01_Backward  637567037 3.95093 1.65299
W+2_RB2in_S01_Forward  637632573 3.87579 1.67702
RE-2_R2_CH07_A  637567140 0 0
RE-2_R2_CH07_B  637599908 0 0
RE-2_R2_CH07_C  637632676 0 0
RE+2_R2_CH07_A  637567142 -0.275177 6.45359
RE+2_R2_CH07_B  637599910 -1.35542 5.76471
RE+2_R2_CH07_C  637632678 -3.38295 4.96214
RE-2_R3_CH07_A  637567144 0 0
RE-2_R3_CH07_B  637599912 0 0
RE-2_R3_CH07_C  637632680 0 0
RE+2_R3_CH07_A  637567146 1.30911 9.60342
RE+2_R3_CH07_B  637599914 -0.187702 8.68836
RE+2_R3_CH07_C  637632682 -0.542334 7.53411
W-2_RB2in_S02_Backward  637567149 0.117295 1.2686
W-2_RB2in_S02_Forward  637632685 0.279192 1.64896
W-1_RB2in_S02_Backward  637567153 0.190832 1.5123
W-1_RB2in_S02_Middle  637599921 0.137056 1.675
W-1_RB2in_S02_Forward  637632689 0.070931 2.01378
W+0_RB2in_S02_Backward  637567157 3.50919 1.63251
W+0_RB2in_S02_Middle  637599925 3.62773 1.71044
W+0_RB2in_S02_Forward  637632693 3.61091 1.56858
W+1_RB2in_S02_Backward  637567161 -0.16483 1.28077
W+1_RB2in_S02_Middle  637599929 0.122836 1.33214
W+1_RB2in_S02_Forward  637632697 0.012125 1.38082
W+2_RB2in_S02_Backward  637567165 -0.0613745 1.25865
W+2_RB2in_S02_Forward  637632701 -0.388479 1.5787
RE-2_R2_CH13_A  637567268 0 0
RE-2_R2_CH13_B  637600036 0 0
RE-2_R2_CH13_C  637632804 0 0
RE+2_R2_CH13_A  637567270 0 0
RE+2_R2_CH13_B  637600038 0 0
RE+2_R2_CH13_C  637632806 0 0
RE-2_R3_CH13_A  637567272 0 0
RE-2_R3_CH13_B  637600040 0 0
RE-2_R3_CH13_C  637632808 0 0
RE+2_R3_CH13_A  637567274 0 0
RE+2_R3_CH13_B  637600042 0 0
RE+2_R3_CH13_C  637632810 0 0
W-2_RB2in_S03_Backward  637567277 -0.0978945 1.24962
W-2_RB2in_S03_Forward  637632813 -0.117268 1.39177
W-1_RB2in_S03_Backward  637567281 0.116974 1.22562
W-1_RB2in_S03_Middle  637600049 -0.0292063 1.41525
W-1_RB2in_S03_Forward  637632817 -0.0156875 2.1233
W+0_RB2in_S03_Backward  637567285 -0.0382622 1.3092
W+0_RB2in_S03_Middle  637600053 -0.21439 1.30056
W+0_RB2in_S03_Forward  637632821 0.15154 1.41199
W+1_RB2in_S03_Backward  637567289 0.055507 1.3203
W+1_RB2in_S03_Middle  637600057 -0.109686 1.4576
W+1_RB2in_S03_Forward  637632825 -0.0947549 1.85522
W+2_RB2in_S03_Backward  637567293 0.20028 1.21008
W+2_RB2in_S03_Forward  637632829 -0.0247462 1.66711
RE-2_R2_CH19_A  637567396 0 0
RE-2_R2_CH19_B  637600164 0 0
RE-2_R2_CH19_C  637632932 0 0
RE+2_R2_CH19_A  637567398 -1.57037 5.84886
RE+2_R2_CH19_B  637600166 -1.21538 6.65028
RE+2_R2_CH19_C  637632934 -1.24104 4.46217
RE-2_R3_CH19_A  637567400 0 0
RE-2_R3_CH19_B  637600168 0 0
RE-2_R3_CH19_C  637632936 0 0
RE+2_R3_CH19_A  637567402 -0.380055 10.2912
RE+2_R3_CH19_B  637600170 -1.73079 8.18854
RE+2_R3_CH19_C  637632938 -1.99666 8.1378
W-2_RB2in_S04_Backward  637567405 0.12308 1.18437
W-2_RB2in_S04_Forward  637632941 0.171644 1.34872
W-1_RB2in_S04_Backward  637567409 0.213879 1.74206
W-1_RB2in_S04_Middle  637600177 0.0264519 2.348
W-1_RB2in_S04_Forward  637632945 -0.0681194 2.49039
W+0_RB2in_S04_Backward  637567413 0.264639 1.2619
W+0_RB2in_S04_Middle  637600181 0.0926477 1.20329
W+0_RB2in_S04_Forward  637632949 0.222927 1.26367
W+1_RB2in_S04_Backward  637567417 -0.35475 1.27795
W+1_RB2in_S04_Middle  637600185 -0.0483816 1.41343
W+1_RB2in_S04_Forward  637632953 -0.214449 1.56843
W+2_RB2in_S04_Backward  637567421 0.053233 1.28166
W+2_RB2in_S04_Forward  637632957 -0.0547792 1.33187
RE-2_R2_CH25_A  637567524 0 0
RE-2_R2_CH25_B  637600292 0 0
RE-2_R2_CH25_C  637633060 0 0
RE+2_R2_CH25_A  637567526 2.63486 5.69606
RE+2_R2_CH25_B  637600294 -0.539405 5.56521
RE+2_R2_CH25_C  637633062 -1.00068 4.86415
RE-2_R3_CH25_A  637567528 0 0
RE-2_R3_CH25_B  637600296 0 0
RE-2_R3_CH25_C  637633064 0 0
RE+2_R3_CH25_A  637567530 7.58021 7.66027
RE+2_R3_CH25_B  637600298 1.20196 5.01153
RE+2_R3_CH25_C  637633066 0.814271 7.38885
W-2_RB2in_S05_Backward  637567533 0.424634 1.79903
W-2_RB2in_S05_Forward  637633069 0.113427 1.77574
W-1_RB2in_S05_Backward  637567537 0.423023 1.26213
W-1_RB2in_S05_Middle  637600305 0.317264 1.25759
W-1_RB2in_S05_Forward  637633073 0.26924 1.5245
W+0_RB2in_S05_Backward  637567541 -0.133367 1.27659
W+0_RB2in_S05_Middle  637600309 -0.0598702 1.38917
W+0_RB2in_S05_Forward  637633077 0.0339917 1.68986
W+1_RB2in_S05_Backward  637567545 0.0958407 1.25057
W+1_RB2in_S05_Middle  637600313 0.102269 1.27723
W+1_RB2in_S05_Forward  637633081 -0.01731 1.56426
W+2_RB2in_S05_Backward  637567549 0.190924 1.19013
W+2_RB2in_S05_Forward  637633085 0.0451807 1.59711
RE-2_R2_CH31_A  637567652 0 0
RE-2_R2_CH31_B  637600420 0 0
RE-2_R2_CH31_C  637633188 0 0
RE+2_R2_CH31_A  637567654 0 0
RE+2_R2_CH31_B  637600422 0 0
RE+2_R2_CH31_C  637633190 0 0
RE-2_R3_CH31_A  637567656 0 0
RE-2_R3_CH31_B  637600424 0 0
RE-2_R3_CH31_C  637633192 0 0
RE+2_R3_CH31_A  637567658 0 0
RE+2_R3_CH31_B  637600426 0 0
RE+2_R3_CH31_C  637633194 0 0
W-2_RB2in_S06_Backward  637567661 0.248548 1.26266
W-2_RB2in_S06_Forward  637633197 -0.185248 1.51161
W-1_RB2in_S06_Backward  637567665 -0.237594 1.53502
W-1_RB2in_S06_Middle  637600433 -0.099316 2.13591
W-1_RB2in_S06_Forward  637633201 0.0627489 1.73983
W+0_RB2in_S06_Backward  637567669 -0.0857354 1.31923
W+0_RB2in_S06_Middle  637600437 -0.10642 1.3135
W+0_RB2in_S06_Forward  637633205 0.0687453 1.78313
W+1_RB2in_S06_Backward  637567673 0.20257 1.33
W+1_RB2in_S06_Middle  637600441 0.254637 1.74979
W+1_RB2in_S06_Forward  637633209 0.196811 1.90434
W+2_RB2in_S06_Backward  637567677 0.137401 1.34673
W+2_RB2in_S06_Forward  637633213 -0.241627 1.49556
W-2_RB2in_S07_Backward  637567789 -0.00720727 1.22171
W-2_RB2in_S07_Forward  637633325 -0.143172 1.39773
W-1_RB2in_S07_Backward  637567793 0.124306 1.34795
W-1_RB2in_S07_Middle  637600561 0.0850461 1.30148
W-1_RB2in_S07_Forward  637633329 -0.0408553 1.6983
W+0_RB2in_S07_Backward  637567797 -0.0920488 1.30053
W+0_RB2in_S07_Middle  637600565 -0.0629085 1.23407
W+0_RB2in_S07_Forward  637633333 0.0160476 1.35904
W+1_RB2in_S07_Backward  637567801 0 0
W+1_RB2in_S07_Middle  637600569 0 0
W+1_RB2in_S07_Forward  637633337 -8.2083 3.94704
W+2_RB2in_S07_Backward  637567805 0 0
W+2_RB2in_S07_Forward  637633341 0 0
W-2_RB2in_S08_Backward  637567917 -0.00900655 1.25542
W-2_RB2in_S08_Forward  637633453 -0.0337843 1.61317
W-1_RB2in_S08_Backward  637567921 -0.432221 2.57941
W-1_RB2in_S08_Middle  637600689 -0.339788 2.46053
W-1_RB2in_S08_Forward  637633457 -0.326977 2.48265
W+0_RB2in_S08_Backward  637567925 -0.253114 1.33703
W+0_RB2in_S08_Middle  637600693 -0.161738 2.1658
W+0_RB2in_S08_Forward  637633461 -0.119684 1.40431
W+1_RB2in_S08_Backward  637567929 0.41315 1.24975
W+1_RB2in_S08_Middle  637600697 0.372904 1.22966
W+1_RB2in_S08_Forward  637633465 0.27358 1.2966
W+2_RB2in_S08_Backward  637567933 0.527402 1.22179
W+2_RB2in_S08_Forward  637633469 0.432967 1.72331
W-2_RB2in_S09_Backward  637568045 -0.2256 1.2817
W-2_RB2in_S09_Forward  637633581 -0.197742 1.5722
W-1_RB2in_S09_Backward  637568049 -0.212776 1.18085
W-1_RB2in_S09_Middle  637600817 -0.112813 1.28435
W-1_RB2in_S09_Forward  637633585 -0.262744 1.17671
W+0_RB2in_S09_Backward  637568053 -0.379037 1.28129
W+0_RB2in_S09_Middle  637600821 -0.448066 1.43476
W+0_RB2in_S09_Forward  637633589 -0.117275 1.58798
W+1_RB2in_S09_Backward  637568057 0.224061 1.28026
W+1_RB2in_S09_Middle  637600825 0.17149 1.32322
W+1_RB2in_S09_Forward  637633593 0.154749 1.31219
W+2_RB2in_S09_Backward  637568061 0.477145 1.29702
W+2_RB2in_S09_Forward  637633597 0.212098 1.64533
W-2_RB2in_S10_Backward  637568173 0 0
W-2_RB2in_S10_Forward  637633709 0 0
W-1_RB2in_S10_Backward  637568177 -0.112387 1.86181
W-1_RB2in_S10_Middle  637600945 -0.0506312 1.78144
W-1_RB2in_S10_Forward  637633713 0.0650433 1.65362
W+0_RB2in_S10_Backward  637568181 0.0466817 1.31556
W+0_RB2in_S10_Middle  637600949 0.00893964 1.34584
W+0_RB2in_S10_Forward  637633717 0.0854192 1.31674
W+1_RB2in_S10_Backward  637568185 0.381957 1.32479
W+1_RB2in_S10_Middle  637600953 0.377255 1.2956
W+1_RB2in_S10_Forward  637633721 0.199702 1.26716
W+2_RB2in_S10_Backward  637568189 0.183587 1.30549
W+2_RB2in_S10_Forward  637633725 0.0283388 1.36237
W-2_RB2in_S11_Backward  637568301 0 0
W-2_RB2in_S11_Forward  637633837 0 0
W-1_RB2in_S11_Backward  637568305 0 0
W-1_RB2in_S11_Middle  637601073 0 0
W-1_RB2in_S11_Forward  637633841 0.397114 2.36543
W+0_RB2in_S11_Backward  637568309 0.0392243 1.26946
W+0_RB2in_S11_Middle  637601077 0.110489 1.32366
W+0_RB2in_S11_Forward  637633845 -0.195772 1.41497
W+1_RB2in_S11_Backward  637568313 -0.257565 1.21186
W+1_RB2in_S11_Middle  637601081 -0.31876 1.18112
W+1_RB2in_S11_Forward  637633849 -0.290485 1.23028
W+2_RB2in_S11_Backward  637568317 0.0397565 1.25339
W+2_RB2in_S11_Forward  637633853 0.152668 1.48061
W-2_RB2in_S12_Backward  637568429 0.137345 1.51632
W-2_RB2in_S12_Forward  637633965 0.204044 2.01411
W-1_RB2in_S12_Backward  637568433 0.0550773 1.43991
W-1_RB2in_S12_Middle  637601201 0.372187 1.72196
W-1_RB2in_S12_Forward  637633969 0.25562 2.53944
W+0_RB2in_S12_Backward  637568437 0.448263 1.37802
W+0_RB2in_S12_Middle  637601205 0.0880382 2.26796
W+0_RB2in_S12_Forward  637633973 0.118647 1.51301
W+1_RB2in_S12_Backward  637568441 0.0525652 1.40396
W+1_RB2in_S12_Middle  637601209 0.0389982 1.43537
W+1_RB2in_S12_Forward  637633977 -0.0358721 1.97008
W+2_RB2in_S12_Backward  637568445 -0.200402 1.27009
W+2_RB2in_S12_Forward  637633981 -0.128248 1.34136
RE-2_R2_CH02_A  637571108 0 0
RE-2_R2_CH02_B  637603876 0 0
RE-2_R2_CH02_C  637636644 0 0
RE+2_R2_CH02_A  637571110 -0.826514 6.11906
RE+2_R2_CH02_B  637603878 -1.01372 6.42952
RE+2_R2_CH02_C  637636646 -0.0777651 4.81763
RE-2_R3_CH02_A  637571112 0 0
RE-2_R3_CH02_B  637603880 0 0
RE-2_R3_CH02_C  637636648 0 0
RE+2_R3_CH02_A  637571114 1.45709 8.35838
RE+2_R3_CH02_B  637603882 -0.445413 7.60654
RE+2_R3_CH02_C  637636650 -2.18547 8.31985
RE-2_R2_CH08_A  637571236 0 0
RE-2_R2_CH08_B  637604004 0 0
RE-2_R2_CH08_C  637636772 0 0
RE+2_R2_CH08_A  637571238 0.391616 6.11347
RE+2_R2_CH08_B  637604006 1.14262 5.30661
RE+2_R2_CH08_C  637636774 0.562596 6.61565
RE-2_R3_CH08_A  637571240 0 0
RE-2_R3_CH08_B  637604008 0 0
RE-2_R3_CH08_C  637636776 0 0
RE+2_R3_CH08_A  637571242 -3.78859 8.22739
RE+2_R3_CH08_B  637604010 -0.36084 9.07324
RE+2_R3_CH08_C  637636778 -0.943338 7.23586
RE-2_R2_CH14_A  637571364 0 0
RE-2_R2_CH14_B  637604132 0 0
RE-2_R2_CH14_C  637636900 0 0
RE+2_R2_CH14_A  637571366 -0.363323 6.73078
RE+2_R2_CH14_B  637604134 -4.21025 5.48692
RE+2_R2_CH14_C  637636902 2.24259 3.75688
RE-2_R3_CH14_A  637571368 0 0
RE-2_R3_CH14_B  637604136 0 0
RE-2_R3_CH14_C  637636904 0 0
RE+2_R3_CH14_A  637571370 -5.99535 8.13072
RE+2_R3_CH14_B  637604138 -1.91276 8.07497
RE+2_R3_CH14_C  637636906 -1.37299 7.87223
RE-2_R2_CH20_A  637571492 0 0
RE-2_R2_CH20_B  637604260 0 0
RE-2_R2_CH20_C  637637028 0 0
RE+2_R2_CH20_A  637571494 -0.0873747 6.64714
RE+2_R2_CH20_B  637604262 0.723125 5.26754
RE+2_R2_CH20_C  637637030 -1.63752 4.49786
RE-2_R3_CH20_A  637571496 0 0
RE-2_R3_CH20_B  637604264 0 0
RE-2_R3_CH20_C  637637032 0 0
RE+2_R3_CH20_A  637571498 -0.722313 14.0036
RE+2_R3_CH20_B  637604266 0.0612207 7.82336
RE+2_R3_CH20_C  637637034 -1.22362 7.15901
RE-2_R2_CH26_A  637571620 0 0
RE-2_R2_CH26_B  637604388 0 0
RE-2_R2_CH26_C  637637156 0 0
RE+2_R2_CH26_A  637571622 2.01887 6.88434
RE+2_R2_CH26_B  637604390 -2.15544 4.30513
RE+2_R2_CH26_C  637637158 -0.406211 5.92791
RE-2_R3_CH26_A  637571624 0 0
RE-2_R3_CH26_B  637604392 0 0
RE-2_R3_CH26_C  637637160 0 0
RE+2_R3_CH26_A  637571626 2.09257 7.25586
RE+2_R3_CH26_B  637604394 2.1622 11.7937
RE+2_R3_CH26_C  637637162 1.83492 5.88467
RE-2_R2_CH32_A  637571748 0 0
RE-2_R2_CH32_B  637604516 0 0
RE-2_R2_CH32_C  637637284 0 0
RE+2_R2_CH32_A  637571750 0 0
RE+2_R2_CH32_B  637604518 -0.37716 6.29357
RE+2_R2_CH32_C  637637286 3.15446 5.31295
RE-2_R3_CH32_A  637571752 0 0
RE-2_R3_CH32_B  637604520 0 0
RE-2_R3_CH32_C  637637288 0 0
RE+2_R3_CH32_A  637571754 0 0
RE+2_R3_CH32_B  637604522 -0.341572 3.88402
RE+2_R3_CH32_C  637637290 2.64359 8.2076
RE-2_R2_CH03_A  637575204 0 0
RE-2_R2_CH03_B  637607972 0 0
RE-2_R2_CH03_C  637640740 0 0
RE+2_R2_CH03_A  637575206 -0.733068 5.93371
RE+2_R2_CH03_B  637607974 -1.0567 6.09841
RE+2_R2_CH03_C  637640742 -1.99874 4.3267
RE-2_R3_CH03_A  637575208 0 0
RE-2_R3_CH03_B  637607976 0 0
RE-2_R3_CH03_C  637640744 0 0
RE+2_R3_CH03_A  637575210 0 0
RE+2_R3_CH03_B  637607978 1.17709 10.0975
RE+2_R3_CH03_C  637640746 -1.52596 7.40695
RE-2_R2_CH09_A  637575332 0 0
RE-2_R2_CH09_B  637608100 0 0
RE-2_R2_CH09_C  637640868 0 0
RE+2_R2_CH09_A  637575334 0.525157 6.5433
RE+2_R2_CH09_B  637608102 0.33176 5.96315
RE+2_R2_CH09_C  637640870 -0.335466 5.09925
RE-2_R3_CH09_A  637575336 0 0
RE-2_R3_CH09_B  637608104 0 0
RE-2_R3_CH09_C  637640872 0 0
RE+2_R3_CH09_A  637575338 0.825669 8.53709
RE+2_R3_CH09_B  637608106 -0.434064 7.36365
RE+2_R3_CH09_C  637640874 -0.910681 7.12961
RE-2_R2_CH15_A  637575460 0 0
RE-2_R2_CH15_B  637608228 0 0
RE-2_R2_CH15_C  637640996 0 0
RE+2_R2_CH15_A  637575462 -0.254475 6.85131
RE+2_R2_CH15_B  637608230 -0.212689 6.87822
RE+2_R2_CH15_C  637640998 -0.846078 5.0785
RE-2_R3_CH15_A  637575464 0 0
RE-2_R3_CH15_B  637608232 0 0
RE-2_R3_CH15_C  637641000 0 0
RE+2_R3_CH15_A  637575466 0.888887 9.0247
RE+2_R3_CH15_B  637608234 -0.950429 8.36947
RE+2_R3_CH15_C  637641002 -0.0353495 7.1986
RE-2_R2_CH21_A  637575588 0 0
RE-2_R2_CH21_B  637608356 0 0
RE-2_R2_CH21_C  637641124 0 0
RE+2_R2_CH21_A  637575590 0.259502 7.04188
RE+2_R2_CH21_B  637608358 -2.02022 5.67078
RE+2_R2_CH21_C  637641126 2.16866 4.833
RE-2_R3_CH21_A  637575592 0 0
RE-2_R3_CH21_B  637608360 0 0
RE-2_R3_CH21_C  637641128 0 0
RE+2_R3_CH21_A  637575594 4.85435 7.6132
RE+2_R3_CH21_B  637608362 1.82816 10.1855
RE+2_R3_CH21_C  637641130 -0.733197 6.75425
RE-2_R2_CH27_A  637575716 0 0
RE-2_R2_CH27_B  637608484 0 0
RE-2_R2_CH27_C  637641252 0 0
RE+2_R2_CH27_A  637575718 -0.229379 6.35806
RE+2_R2_CH27_B  637608486 -1.02142 5.57624
RE+2_R2_CH27_C  637641254 -0.318582 5.94174
RE-2_R3_CH27_A  637575720 0 0
RE-2_R3_CH27_B  637608488 0 0
RE-2_R3_CH27_C  637641256 0 0
RE+2_R3_CH27_A  637575722 -1.87015 10.3389
RE+2_R3_CH27_B  637608490 -1.20404 9.37106
RE+2_R3_CH27_C  637641258 -0.972301 7.38173
RE-2_R2_CH33_A  637575844 0 0
RE-2_R2_CH33_B  637608612 0 0
RE-2_R2_CH33_C  637641380 0 0
RE+2_R2_CH33_A  637575846 0.488642 6.87049
RE+2_R2_CH33_B  637608614 -1.52208 5.13561
RE+2_R2_CH33_C  637641382 2.3001 4.75756
RE-2_R3_CH33_A  637575848 0 0
RE-2_R3_CH33_B  637608616 0 0
RE-2_R3_CH33_C  637641384 0 0
RE+2_R3_CH33_A  637575850 0 0
RE+2_R3_CH33_B  637608618 -1.81316 0.72547
RE+2_R3_CH33_C  637641386 0 0
RE-2_R2_CH04_A  637579300 0 0
RE-2_R2_CH04_B  637612068 0 0
RE-2_R2_CH04_C  637644836 0 0
RE+2_R2_CH04_A  637579302 -0.466873 6.04147
RE+2_R2_CH04_B  637612070 0.213109 5.49525
RE+2_R2_CH04_C  637644838 3.07286 4.6179
RE-2_R3_CH04_A  637579304 0 0
RE-2_R3_CH04_B  637612072 0 0
RE-2_R3_CH04_C  637644840 0 0
RE+2_R3_CH04_A  637579306 0.771742 9.86991
RE+2_R3_CH04_B  637612074 0.64208 8.89615
RE+2_R3_CH04_C  637644842 -0.823565 7.65371
RE-2_R2_CH10_A  637579428 0 0
RE-2_R2_CH10_B  637612196 0 0
RE-2_R2_CH10_C  637644964 0 0
RE+2_R2_CH10_A  637579430 0 0
RE+2_R2_CH10_B  637612198 0 0
RE+2_R2_CH10_C  637644966 0 0
RE-2_R3_CH10_A  637579432 0 0
RE-2_R3_CH10_B  637612200 0 0
RE-2_R3_CH10_C  637644968 0 0
RE+2_R3_CH10_A  637579434 0 0
RE+2_R3_CH10_B  637612202 0 0
RE+2_R3_CH10_C  637644970 0 0
RE-2_R2_CH16_A  637579556 0 0
RE-2_R2_CH16_B  637612324 0 0
RE-2_R2_CH16_C  637645092 0 0
RE+2_R2_CH16_A  637579558 0 0
RE+2_R2_CH16_B  637612326 0 0
RE+2_R2_CH16_C  637645094 0 0
RE-2_R3_CH16_A  637579560 0 0
RE-2_R3_CH16_B  637612328 0 0
RE-2_R3_CH16_C  637645096 0 0
RE+2_R3_CH16_A  637579562 0 0
RE+2_R3_CH16_B  637612330 0 0
RE+2_R3_CH16_C  637645098 0 0
RE-2_R2_CH22_A  637579684 0 0
RE-2_R2_CH22_B  637612452 0 0
RE-2_R2_CH22_C  637645220 0 0
RE+2_R2_CH22_A  637579686 -2.0243 4.23154
RE+2_R2_CH22_B  637612454 -2.86999 4.4456
RE+2_R2_CH22_C  637645222 -1.89437 4.48368
RE-2_R3_CH22_A  637579688 0 0
RE-2_R3_CH22_B  637612456 0 0
RE-2_R3_CH22_C  637645224 0 0
RE+2_R3_CH22_A  637579690 2.25765 8.79941
RE+2_R3_CH22_B  637612458 4.66006 7.73872
RE+2_R3_CH22_C  637645226 4.27634 7.30078
RE-2_R2_CH28_A  637579812 0 0
RE-2_R2_CH28_B  637612580 0 0
RE-2_R2_CH28_C  637645348 0 0
RE+2_R2_CH28_A  637579814 0 0
RE+2_R2_CH28_B  637612582 0 0
RE+2_R2_CH28_C  637645350 0 0
RE-2_R3_CH28_A  637579816 0 0
RE-2_R3_CH28_B  637612584 0 0
RE-2_R3_CH28_C  637645352 0 0
RE+2_R3_CH28_A  637579818 3.74329 9.11411
RE+2_R3_CH28_B  637612586 -0.141228 7.93262
RE+2_R3_CH28_C  637645354 -0.707865 7.4614
RE-2_R2_CH34_A  637579940 0 0
RE-2_R2_CH34_B  637612708 0 0
RE-2_R2_CH34_C  637645476 0 0
RE+2_R2_CH34_A  637579942 0.811705 6.84296
RE+2_R2_CH34_B  637612710 0.501848 5.80184
RE+2_R2_CH34_C  637645478 -0.484567 4.22179
RE-2_R3_CH34_A  637579944 0 0
RE-2_R3_CH34_B  637612712 0 0
RE-2_R3_CH34_C  637645480 0 0
RE+2_R3_CH34_A  637579946 -1.5419 10.8494
RE+2_R3_CH34_B  637612714 1.5413 8.60705
RE+2_R3_CH34_C  637645482 -1.46697 7.52399
RE-2_R2_CH05_A  637583396 0 0
RE-2_R2_CH05_B  637616164 0 0
RE-2_R2_CH05_C  637648932 0 0
RE+2_R2_CH05_A  637583398 -0.36927 6.68173
RE+2_R2_CH05_B  637616166 -0.136851 6.26206
RE+2_R2_CH05_C  637648934 0.149383 5.19554
RE-2_R3_CH05_A  637583400 0 0
RE-2_R3_CH05_B  637616168 0 0
RE-2_R3_CH05_C  637648936 0 0
RE+2_R3_CH05_A  637583402 -0.0547909 9.91072
RE+2_R3_CH05_B  637616170 0.678367 7.98024
RE+2_R3_CH05_C  637648938 -1.29976 7.52888
RE-2_R2_CH11_A  637583524 0 0
RE-2_R2_CH11_B  637616292 0 0
RE-2_R2_CH11_C  637649060 0 0
RE+2_R2_CH11_A  637583526 -0.0360511 6.56737
RE+2_R2_CH11_B  637616294 -0.363006 5.75383
RE+2_R2_CH11_C  637649062 -0.137539 5.45891
RE-2_R3_CH11_A  637583528 0 0
RE-2_R3_CH11_B  637616296 0 0
RE-2_R3_CH11_C  637649064 0 0
RE+2_R3_CH11_A  637583530 -2.65305 8.92527
RE+2_R3_CH11_B  637616298 -0.424444 8.01967
RE+2_R3_CH11_C  637649066 0.852397 7.36947
RE-2_R2_CH17_A  637583652 0 0
RE-2_R2_CH17_B  637616420 0 0
RE-2_R2_CH17_C  637649188 0 0
RE+2_R2_CH17_A  637583654 0 0
RE+2_R2_CH17_B  637616422 -2.09917 0.780723
RE+2_R2_CH17_C  637649190 0 0
RE-2_R3_CH17_A  637583656 0 0
RE-2_R3_CH17_B  637616424 0 0
RE-2_R3_CH17_C  637649192 0 0
RE+2_R3_CH17_A  637583658 -9.0336 4.00902
RE+2_R3_CH17_B  637616426 5.99946 6.51028
RE+2_R3_CH17_C  637649194 -1.66109 0
RE-2_R2_CH23_A  637583780 0 0
RE-2_R2_CH23_B  637616548 0 0
RE-2_R2_CH23_C  637649316 0 0
RE+2_R2_CH23_A  637583782 2.25882 7.61311
RE+2_R2_CH23_B  637616550 -0.0769544 5.86273
RE+2_R2_CH23_C  637649318 0.421464 5.03482
RE-2_R3_CH23_A  637583784 0 0
RE-2_R3_CH23_B  637616552 0 0
RE-2_R3_CH23_C  637649320 0 0
RE+2_R3_CH23_A  637583786 -1.4912 8.42217
RE+2_R3_CH23_B  637616554 3.73048 8.34961
RE+2_R3_CH23_C  637649322 -2.60351 6.73082
RE-2_R2_CH29_A  637583908 0 0
RE-2_R2_CH29_B  637616676 0 0
RE-2_R2_CH29_C  637649444 0 0
RE+2_R2_CH29_A  637583910 -0.434149 6.42396
RE+2_R2_CH29_B  637616678 1.23713 5.81609
RE+2_R2_CH29_C  637649446 -0.66791 6.20407
RE-2_R3_CH29_A  637583912 0 0
RE-2_R3_CH29_B  637616680 0 0
RE-2_R3_CH29_C  637649448 0 0
RE+2_R3_CH29_A  637583914 -2.3072 8.04119
RE+2_R3_CH29_B  637616682 1.39264 9.32043
RE+2_R3_CH29_C  637649450 -0.252242 8.18179
RE-2_R2_CH35_A  637584036 0 0
RE-2_R2_CH35_B  637616804 0 0
RE-2_R2_CH35_C  637649572 0 0
RE+2_R2_CH35_A  637584038 -0.723806 6.20665
RE+2_R2_CH35_B  637616806 2.04629 5.63637
RE+2_R2_CH35_C  637649574 1.25375 2.4901
RE-2_R3_CH35_A  637584040 0 0
RE-2_R3_CH35_B  637616808 0 0
RE-2_R3_CH35_C  637649576 0 0
RE+2_R3_CH35_A  637584042 -2.34442 7.98542
RE+2_R3_CH35_B  637616810 0.661429 8.59907
RE+2_R3_CH35_C  637649578 0.169589 7.21082
RE-2_R2_CH06_A  637587492 0 0
RE-2_R2_CH06_B  637620260 0 0
RE-2_R2_CH06_C  637653028 0 0
RE+2_R2_CH06_A  637587494 -0.428044 7.06897
RE+2_R2_CH06_B  637620262 0.165507 6.20683
RE+2_R2_CH06_C  637653030 -0.182167 5.56615
RE-2_R3_CH06_A  637587496 0 0
RE-2_R3_CH06_B  637620264 0 0
RE-2_R3_CH06_C  637653032 0 0
RE+2_R3_CH06_A  637587498 0.871645 10.1888
RE+2_R3_CH06_B  637620266 -1.34134 9.17404
RE+2_R3_CH06_C  637653034 -1.12897 7.18823
RE-2_R2_CH12_A  637587620 0 0
RE-2_R2_CH12_B  637620388 0 0
RE-2_R2_CH12_C  637653156 0 0
RE+2_R2_CH12_A  637587622 0.443392 7.27261
RE+2_R2_CH12_B  637620390 -2.54117 5.80654
RE+2_R2_CH12_C  637653158 -0.585606 5.20491
RE-2_R3_CH12_A  637587624 0 0
RE-2_R3_CH12_B  637620392 0 0
RE-2_R3_CH12_C  637653160 0 0
RE+2_R3_CH12_A  637587626 1.07912 9.22866
RE+2_R3_CH12_B  637620394 0.475866 9.06063
RE+2_R3_CH12_C  637653162 0.340772 8.49705
RE-2_R2_CH18_A  637587748 0 0
RE-2_R2_CH18_B  637620516 0 0
RE-2_R2_CH18_C  637653284 0 0
RE+2_R2_CH18_A  637587750 0.796822 5.62398
RE+2_R2_CH18_B  637620518 -3.46856 5.95875
RE+2_R2_CH18_C  637653286 -2.92173 6.71711
RE-2_R3_CH18_A  637587752 0 0
RE-2_R3_CH18_B  637620520 0 0
RE-2_R3_CH18_C  637653288 0 0
RE+2_R3_CH18_A  637587754 4.97245 13.0523
RE+2_R3_CH18_B  637620522 -0.608691 7.61973
RE+2_R3_CH18_C  637653290 -9.60355 1.61045
RE-2_R2_CH24_A  637587876 0 0
RE-2_R2_CH24_B  637620644 0 0
RE-2_R2_CH24_C  637653412 0 0
RE+2_R2_CH24_A  637587878 -1.15087 6.67865
RE+2_R2_CH24_B  637620646 0.0941481 5.12625
RE+2_R2_CH24_C  637653414 -2.5481 4.81039
RE-2_R3_CH24_A  637587880 0 0
RE-2_R3_CH24_B  637620648 0 0
RE-2_R3_CH24_C  637653416 0 0
RE+2_R3_CH24_A  637587882 2.84717 7.34562
RE+2_R3_CH24_B  637620650 0.453134 8.46512
RE+2_R3_CH24_C  637653418 -0.905356 7.08659
RE-2_R2_CH30_A  637588004 0 0
RE-2_R2_CH30_B  637620772 0 0
RE-2_R2_CH30_C  637653540 0 0
RE+2_R2_CH30_A  637588006 -0.0560645 5.80133
RE+2_R2_CH30_B  637620774 0.24584 5.6491
RE+2_R2_CH30_C  637653542 -1.03595 4.67357
RE-2_R3_CH30_A  637588008 0 0
RE-2_R3_CH30_B  637620776 0 0
RE-2_R3_CH30_C  637653544 0 0
RE+2_R3_CH30_A  637588010 -9.96541 3.16637
RE+2_R3_CH30_B  637620778 1.5916 7.54447
RE+2_R3_CH30_C  637653546 -3.70882 6.47983
RE-2_R2_CH36_A  637588132 0 0
RE-2_R2_CH36_B  637620900 0 0
RE-2_R2_CH36_C  637653668 0 0
RE+2_R2_CH36_A  637588134 1.23547 6.61751
RE+2_R2_CH36_B  637620902 -1.54644 5.36866
RE+2_R2_CH36_C  637653670 -0.711603 4.80359
RE-2_R3_CH36_A  637588136 0 0
RE-2_R3_CH36_B  637620904 0 0
RE-2_R3_CH36_C  637653672 0 0
RE+2_R3_CH36_A  637588138 -3.89268 7.22491
RE+2_R3_CH36_B  637620906 -3.44353 8.27346
RE+2_R3_CH36_C  637653674 1.42746 8.50944
W-2_RB2out_S01_Backward  637569069 0.141074 1.4304
W-2_RB2out_S01_Middle  637601837 0.0110917 1.46634
W-2_RB2out_S01_Forward  637634605 -0.128487 2.12117
W-1_RB2out_S01_Backward  637569073 -0.0349865 1.35203
W-1_RB2out_S01_Forward  637634609 -0.146478 1.40344
W+0_RB2out_S01_Backward  637569077 -0.1926 1.96857
W+0_RB2out_S01_Forward  637634613 -0.218884 1.86768
W+1_RB2out_S01_Backward  637569081 -0.0502976 1.48866
W+1_RB2out_S01_Forward  637634617 0.0101895 1.74306
W+2_RB2out_S01_Backward  637569085 0.0919859 1.74363
W+2_RB2out_S01_Middle  637601853 0.00262291 1.94106
W+2_RB2out_S01_Forward  637634621 0.0301615 1.6899
W-2_RB2out_S02_Backward  637569197 -0.272438 1.5706
W-2_RB2out_S02_Middle  637601965 -0.401167 1.88516
W-2_RB2out_S02_Forward  637634733 -0.288994 1.79642
W-1_RB2out_S02_Backward  637569201 -0.337086 1.34386
W-1_RB2out_S02_Forward  637634737 -0.0176046 1.57398
W+0_RB2out_S02_Backward  637569205 0.145415 1.47164
W+0_RB2out_S02_Forward  637634741 0.0866128 1.53016
W+1_RB2out_S02_Backward  637569209 0.111273 1.66748
W+1_RB2out_S02_Forward  637634745 0.104454 1.92497
W+2_RB2out_S02_Backward  637569213 0.425996 1.66359
W+2_RB2out_S02_Middle  637601981 0.291836 1.44746
W+2_RB2out_S02_Forward  637634749 0.222554 1.62125
W-2_RB2out_S03_Backward  637569325 -0.057365 1.31329
W-2_RB2out_S03_Middle  637602093 -0.096006 1.53579
W-2_RB2out_S03_Forward  637634861 -0.00654868 1.70356
W-1_RB2out_S03_Backward  637569329 -0.485168 1.25862
W-1_RB2out_S03_Forward  637634865 -0.292491 1.52303
W+0_RB2out_S03_Backward  637569333 0.0691295 1.234
W+0_RB2out_S03_Forward  637634869 0.0305479 2.12794
W+1_RB2out_S03_Backward  637569337 0.284393 1.17801
W+1_RB2out_S03_Forward  637634873 0.0397936 1.48692
W+2_RB2out_S03_Backward  637569341 0.0743167 1.3312
W+2_RB2out_S03_Middle  637602109 0.102052 1.66741
W+2_RB2out_S03_Forward  637634877 -0.0976067 2.46858
W-2_RB2out_S04_Backward  637569453 -0.213295 1.35674
W-2_RB2out_S04_Middle  637602221 -0.235313 1.2728
W-2_RB2out_S04_Forward  637634989 -0.258857 1.30226
W-1_RB2out_S04_Backward  637569457 -0.0329964 1.15364
W-1_RB2out_S04_Forward  637634993 -0.00243367 1.23181
W+0_RB2out_S04_Backward  637569461 -0.105739 1.31166
W+0_RB2out_S04_Forward  637634997 -0.0251778 1.23138
W+1_RB2out_S04_Backward  637569465 0.360261 1.18015
W+1_RB2out_S04_Forward  637635001 0.134874 1.27593
W+2_RB2out_S04_Backward  637569469 0.195652 1.24713
W+2_RB2out_S04_Middle  637602237 0.0983722 1.29958
W+2_RB2out_S04_Forward  637635005 0.0772774 1.26652
W-2_RB2out_S05_Backward  637569581 0.11385 1.36753
W-2_RB2out_S05_Middle  637602349 -0.0156647 1.73667
W-2_RB2out_S05_Forward  637635117 0.00683228 1.80174
W-1_RB2out_S05_Backward  637569585 0.0327352 1.20707
W-1_RB2out_S05_Forward  637635121 -0.00868412 1.25541
W+0_RB2out_S05_Backward  637569589 0.0516403 1.20193
W+0_RB2out_S05_Forward  637635125 0.0740431 1.38388
W+1_RB2out_S05_Backward  637569593 -0.174251 1.17848
W+1_RB2out_S05_Forward  637635129 -0.182435 1.36692
W+2_RB2out_S05_Backward  637569597 -0.00989932 1.37667
W+2_RB2out_S05_Middle  637602365 -0.130485 1.53128
W+2_RB2out_S05_Forward  637635133 -0.141993 2.08378
W-2_RB2out_S06_Backward  637569709 0.174201 1.63661
W-2_RB2out_S06_Middle  637602477 0.209562 1.68706
W-2_RB2out_S06_Forward  637635245 0.294723 1.84301
W-1_RB2out_S06_Backward  637569713 0.297398 1.31292
W-1_RB2out_S06_Forward  637635249 0.281645 1.30622
W+0_RB2out_S06_Backward  637569717 -0.0784378 1.32287
W+0_RB2out_S06_Forward  637635253 0.128373 1.79473
W+1_RB2out_S06_Backward  637569721 -0.456516 3.20871
W+1_RB2out_S06_Forward  637635257 -0.676043 3.38665
W+2_RB2out_S06_Backward  637569725 -0.133484 1.9081
W+2_RB2out_S06_Middle  637602493 -0.143294 1.42822
W+2_RB2out_S06_Forward  637635261 -0.141602 1.68009
W-2_RB2out_S07_Backward  637569837 0.0332809 1.41689
W-2_RB2out_S07_Middle  637602605 0.139605 1.61173
W-2_RB2out_S07_Forward  637635373 0.0325761 2.27608
W-1_RB2out_S07_Backward  637569841 0.181177 1.35017
W-1_RB2out_S07_Forward  637635377 -0.0537556 1.42047
W+0_RB2out_S07_Backward  637569845 -0.0546337 1.37984
W+0_RB2out_S07_Forward  637635381 -0.111528 2.1664
W+1_RB2out_S07_Backward  637569849 0 0
W+1_RB2out_S07_Forward  637635385 0 0
W+2_RB2out_S07_Backward  637569853 0 0
W+2_RB2out_S07_Middle  637602621 0 0
W+2_RB2out_S07_Forward  637635389 0 0
W-2_RB2out_S08_Backward  637569965 -0.133671 1.37395
W-2_RB2out_S08_Middle  637602733 -0.0592356 1.61996
W-2_RB2out_S08_Forward  637635501 -0.0576551 2.12699
W-1_RB2out_S08_Backward  637569969 0.173811 2.43675
W-1_RB2out_S08_Forward  637635505 0.474492 2.72308
W+0_RB2out_S08_Backward  637569973 0.0491342 1.57416
W+0_RB2out_S08_Forward  637635509 0.010097 1.86526
W+1_RB2out_S08_Backward  637569977 -0.0280602 1.98635
W+1_RB2out_S08_Forward  637635513 -0.0315139 1.78629
W+2_RB2out_S08_Backward  637569981 -0.243883 1.45788
W+2_RB2out_S08_Middle  637602749 -0.520427 1.38004
W+2_RB2out_S08_Forward  637635517 -0.320457 1.80436
W-2_RB2out_S09_Backward  637570093 0.0131416 1.28828
W-2_RB2out_S09_Middle  637602861 0.302596 1.42982
W-2_RB2out_S09_Forward  637635629 0.0476036 1.34713
W-1_RB2out_S09_Backward  637570097 -0.0179181 1.24975
W-1_RB2out_S09_Forward  637635633 0.106909 1.30429
W+0_RB2out_S09_Backward  637570101 -0.0231162 1.22892
W+0_RB2out_S09_Forward  637635637 0.0363484 1.3053
W+1_RB2out_S09_Backward  637570105 0.129394 1.35626
W+1_RB2out_S09_Forward  637635641 0.0181548 1.68291
W+2_RB2out_S09_Backward  637570109 0.0460667 1.33613
W+2_RB2out_S09_Middle  637602877 -0.0828602 1.35635
W+2_RB2out_S09_Forward  637635645 -0.070534 1.46039
W-2_RB2out_S10_Backward  637570221 0 0
W-2_RB2out_S10_Middle  637602989 0 0
W-2_RB2out_S10_Forward  637635757 0 0
W-1_RB2out_S10_Backward  637570225 0.125046 2.57163
W-1_RB2out_S10_Forward  637635761 0.225114 2.48415
W+0_RB2out_S10_Backward  637570229 -0.176112 1.41815
W+0_RB2out_S10_Forward  637635765 -0.0836144 1.96349
W+1_RB2out_S10_Backward  637570233 -0.201056 1.39012
W+1_RB2out_S10_Forward  637635769 -0.242636 1.66382
W+2_RB2out_S10_Backward  637570237 -0.0683635 1.29517
W+2_RB2out_S10_Middle  637603005 0.0382004 1.33926
W+2_RB2out_S10_Forward  637635773 -0.0559172 1.53412
W-2_RB2out_S11_Backward  637570349 0 0
W-2_RB2out_S11_Middle  637603117 0 0
W-2_RB2out_S11_Forward  637635885 0 0
W-1_RB2out_S11_Backward  637570353 -0.00815255 1.67226
W-1_RB2out_S11_Forward  637635889 0.335341 2.01581
W+0_RB2out_S11_Backward  637570357 -0.038579 1.30596
W+0_RB2out_S11_Forward  637635893 -0.176561 1.65362
W+1_RB2out_S11_Backward  637570361 -0.255638 1.29041
W+1_RB2out_S11_Forward  637635897 -0.131391 1.74339
W+2_RB2out_S11_Backward  637570365 -0.379613 1.41007
W+2_RB2out_S11_Middle  637603133 -0.139764 1.43416
W+2_RB2out_S11_Forward  637635901 -0.067146 1.89128
W-2_RB2out_S12_Backward  637570477 -0.0101302 1.31527
W-2_RB2out_S12_Middle  637603245 -0.0734932 1.54776
W-2_RB2out_S12_Forward  637636013 -0.0976059 1.84366
W-1_RB2out_S12_Backward  637570481 -1.07706 2.46081
W-1_RB2out_S12_Forward  637636017 0 0
W+0_RB2out_S12_Backward  637570485 -0.223113 1.67758
W+0_RB2out_S12_Forward  637636021 0 0
W+1_RB2out_S12_Backward  637570489 -0.207337 1.37259
W+1_RB2out_S12_Forward  637636025 -0.099394 1.61429
W+2_RB2out_S12_Backward  637570493 0.178223 1.33083
W+2_RB2out_S12_Middle  637603261 0.256426 1.32865
W+2_RB2out_S12_Forward  637636029 -0.0334547 1.42477
RE-3_R2_CH01_A  637567044 0 0
RE-3_R2_CH01_B  637599812 0 0
RE-3_R2_CH01_C  637632580 0 0
RE+3_R2_CH01_A  637567046 0 0
RE+3_R2_CH01_B  637599814 0 0
RE+3_R2_CH01_C  637632582 0 0
RE-3_R3_CH01_A  637567048 0 0
RE-3_R3_CH01_B  637599816 0 0
RE-3_R3_CH01_C  637632584 0 0
RE+3_R3_CH01_A  637567050 0 0
RE+3_R3_CH01_B  637599818 0 0
RE+3_R3_CH01_C  637632586 0 0
W-2_RB3-_S01_Backward  637567053 -0.0690639 1.64388
W-2_RB3-_S01_Forward  637632589 0.0789134 1.66105
W-1_RB3-_S01_Backward  637567057 -0.490293 2.86854
W-1_RB3-_S01_Forward  637632593 0.00602636 1.8324
W+0_RB3-_S01_Backward  637567061 0.0861313 1.61906
W+0_RB3-_S01_Forward  637632597 0.0162303 1.7973
W+1_RB3-_S01_Backward  637567065 -0.225314 1.61746
W+1_RB3-_S01_Forward  637632601 -0.254951 1.54089
W+2_RB3-_S01_Backward  637567069 0 0
W+2_RB3-_S01_Forward  637632605 0 0
RE-3_R2_CH07_A  637567172 0 0
RE-3_R2_CH07_B  637599940 0 0
RE-3_R2_CH07_C  637632708 0 0
RE+3_R2_CH07_A  637567174 -0.14032 2.4906
RE+3_R2_CH07_B  637599942 0.20077 2.31081
RE+3_R2_CH07_C  637632710 0.257025 2.40462
RE-3_R3_CH07_A  637567176 0 0
RE-3_R3_CH07_B  637599944 0 0
RE-3_R3_CH07_C  637632712 0 0
RE+3_R3_CH07_A  637567178 -0.237513 2.72537
RE+3_R3_CH07_B  637599946 -0.0770139 2.97414
RE+3_R3_CH07_C  637632714 -0.104256 2.78053
W-2_RB3-_S02_Backward  637567181 -0.116963 2.13608
W-2_RB3-_S02_Forward  637632717 0.229004 1.75179
W-1_RB3-_S02_Backward  637567185 0.296248 1.94848
W-1_RB3-_S02_Forward  637632721 -0.00809373 1.87874
W+0_RB3-_S02_Backward  637567189 -0.0781553 1.42156
W+0_RB3-_S02_Forward  637632725 0.207712 2.384
W+1_RB3-_S02_Backward  637567193 -0.262416 1.43244
W+1_RB3-_S02_Forward  637632729 -0.251596 1.64864
W+2_RB3-_S02_Backward  637567197 -0.327072 1.61856
W+2_RB3-_S02_Forward  637632733 -0.206714 1.54717
RE-3_R2_CH13_A  637567300 0 0
RE-3_R2_CH13_B  637600068 0 0
RE-3_R2_CH13_C  637632836 0 0
RE+3_R2_CH13_A  637567302 0.350775 3.08118
RE+3_R2_CH13_B  637600070 -0.0280804 2.65597
RE+3_R2_CH13_C  637632838 -0.882519 2.59934
RE-3_R3_CH13_A  637567304 0 0
RE-3_R3_CH13_B  637600072 0 0
RE-3_R3_CH13_C  637632840 0 0
RE+3_R3_CH13_A  637567306 1.9409 3.02715
RE+3_R3_CH13_B  637600074 0.712946 3.67443
RE+3_R3_CH13_C  637632842 0.202942 3.12444
W-2_RB3-_S03_Backward  637567309 0.072092 1.41044
W-2_RB3-_S03_Forward  637632845 0.0160703 1.57168
W-1_RB3-_S03_Backward  637567313 -0.240919 1.74438
W-1_RB3-_S03_Forward  637632849 0.00961047 1.9324
W+0_RB3-_S03_Backward  637567317 -0.0855316 1.51365
W+0_RB3-_S03_Forward  637632853 0.349005 2.10054
W+1_RB3-_S03_Backward  637567321 -0.211134 1.403
W+1_RB3-_S03_Forward  637632857 -0.19291 1.50302
W+2_RB3-_S03_Backward  637567325 -0.212873 1.33552
W+2_RB3-_S03_Forward  637632861 -0.204066 1.39484
RE-3_R2_CH19_A  637567428 0 0
RE-3_R2_CH19_B  637600196 0 0
RE-3_R2_CH19_C  637632964 0 0
RE+3_R2_CH19_A  637567430 0.591165 3.42966
RE+3_R2_CH19_B  637600198 -0.321054 3.24724
RE+3_R2_CH19_C  637632966 0.282861 3.00397
RE-3_R3_CH19_A  637567432 0 0
RE-3_R3_CH19_B  637600200 0 0
RE-3_R3_CH19_C  637632968 0 0
RE+3_R3_CH19_A  637567434 0.265225 3.81652
RE+3_R3_CH19_B  637600202 -0.00125157 4.10013
RE+3_R3_CH19_C  637632970 0.00534549 3.62693
W-2_RB3-_S04_Backward  637567437 0 0
W-2_RB3-_S04_Forward  637632973 0 0
W-1_RB3-_S04_Backward  637567441 -0.0785773 1.40515
W-1_RB3-_S04_Forward  637632977 0.0396079 1.593
W+0_RB3-_S04_Backward  637567445 -0.00902873 1.87368
W+0_RB3-_S04_Forward  637632981 0.111273 2.21451
W+1_RB3-_S04_Backward  637567449 0.0189218 1.36607
W+1_RB3-_S04_Forward  637632985 -0.176474 1.48944
W+2_RB3-_S04_Backward  637567453 -0.290138 1.4457
W+2_RB3-_S04_Forward  637632989 -0.284939 1.40892
RE-3_R2_CH25_A  637567556 0 0
RE-3_R2_CH25_B  637600324 0 0
RE-3_R2_CH25_C  637633092 0 0
RE+3_R2_CH25_A  637567558 -0.223242 2.74728
RE+3_R2_CH25_B  637600326 -0.597963 2.70698
RE+3_R2_CH25_C  637633094 1.46312 2.87568
RE-3_R3_CH25_A  637567560 0 0
RE-3_R3_CH25_B  637600328 0 0
RE-3_R3_CH25_C  637633096 0 0
RE+3_R3_CH25_A  637567562 -0.496639 3.87623
RE+3_R3_CH25_B  637600330 -0.199794 2.87736
RE+3_R3_CH25_C  637633098 -0.336149 2.76065
W-2_RB3-_S05_Backward  637567565 0.167423 1.37992
W-2_RB3-_S05_Forward  637633101 0.0836745 1.64153
W-1_RB3-_S05_Backward  637567569 0.310699 1.35255
W-1_RB3-_S05_Forward  637633105 0.225965 1.37255
W+0_RB3-_S05_Backward  637567573 -0.218778 2.17412
W+0_RB3-_S05_Forward  637633109 0.072233 2.16591
W+1_RB3-_S05_Backward  637567577 -0.375932 1.43915
W+1_RB3-_S05_Forward  637633113 -0.251332 1.53145
W+2_RB3-_S05_Backward  637567581 0 0
W+2_RB3-_S05_Forward  637633117 0.0248536 1.50447
RE-3_R2_CH31_A  637567684 0 0
RE-3_R2_CH31_B  637600452 0 0
RE-3_R2_CH31_C  637633220 0 0
RE+3_R2_CH31_A  637567686 0 0
RE+3_R2_CH31_B  637600454 0 0
RE+3_R2_CH31_C  637633222 0 0
RE-3_R3_CH31_A  637567688 0 0
RE-3_R3_CH31_B  637600456 0 0
RE-3_R3_CH31_C  637633224 0 0
RE+3_R3_CH31_A  637567690 0 0
RE+3_R3_CH31_B  637600458 0 0
RE+3_R3_CH31_C  637633226 0 0
W-2_RB3-_S06_Backward  637567693 0.00201185 1.54683
W-2_RB3-_S06_Forward  637633229 -0.00352079 1.73539
W-1_RB3-_S06_Backward  637567697 -0.155708 1.61488
W-1_RB3-_S06_Forward  637633233 0.0809559 1.51535
W+0_RB3-_S06_Backward  637567701 -0.18241 1.48643
W+0_RB3-_S06_Forward  637633237 -0.330472 1.63421
W+1_RB3-_S06_Backward  637567705 -0.224771 1.57536
W+1_RB3-_S06_Forward  637633241 -0.326984 2.26448
W+2_RB3-_S06_Backward  637567709 -0.287393 1.74266
W+2_RB3-_S06_Forward  637633245 -0.11679 2.20087
W-2_RB3-_S07_Backward  637567821 0.0971796 1.58248
W-2_RB3-_S07_Forward  637633357 -0.0629792 1.82689
W-1_RB3-_S07_Backward  637567825 0.127618 1.79761
W-1_RB3-_S07_Forward  637633361 0.000403115 1.91973
W+0_RB3-_S07_Backward  637567829 -0.113118 1.53049
W+0_RB3-_S07_Forward  637633365 -0.218081 1.53523
W+1_RB3-_S07_Backward  637567833 0 0
W+1_RB3-_S07_Forward  637633369 0 0
W+2_RB3-_S07_Backward  637567837 -0.354132 1.59661
W+2_RB3-_S07_Forward  637633373 -0.161586 1.75426
W-2_RB3-_S08_Backward  637567949 0.178595 1.52625
W-2_RB3-_S08_Forward  637633485 -0.0581174 1.7135
W-1_RB3-_S08_Backward  637567953 0.0310413 1.35643
W-1_RB3-_S08_Forward  637633489 -0.0583291 1.37619
W+0_RB3-_S08_Backward  637567957 0.0249408 1.73055
W+0_RB3-_S08_Forward  637633493 0.105771 1.64066
W+1_RB3-_S08_Backward  637567961 0.0696115 3.07491
W+1_RB3-_S08_Forward  637633497 0.058567 3.13274
W+2_RB3-_S08_Backward  637567965 -0.13533 1.69019
W+2_RB3-_S08_Forward  637633501 -0.18515 1.87004
W-2_RB3-_S09_Backward  637568077 -0.0984835 1.55538
W-2_RB3-_S09_Forward  637633613 -0.241868 2.08975
W-1_RB3-_S09_Backward  637568081 -0.0378584 1.46432
W-1_RB3-_S09_Forward  637633617 -0.254746 1.56481
W+0_RB3-_S09_Backward  637568085 0.042518 1.93386
W+0_RB3-_S09_Forward  637633621 -0.0401064 1.82707
W+1_RB3-_S09_Backward  637568089 -0.13215 1.66508
W+1_RB3-_S09_Forward  637633625 0.269428 2.4392
W+2_RB3-_S09_Backward  637568093 0.0248827 1.83369
W+2_RB3-_S09_Forward  637633629 -0.00160187 1.66021
W-2_RB3-_S10_Backward  637568205 0 0
W-2_RB3-_S10_Forward  637633741 0 0
W-1_RB3-_S10_Backward  637568209 0 0
W-1_RB3-_S10_Forward  637633745 0 0
W+0_RB3-_S10_Backward  637568213 0.0433979 1.44836
W+0_RB3-_S10_Forward  637633749 -0.0496857 1.62924
W+1_RB3-_S10_Backward  637568217 0.25409 1.9315
W+1_RB3-_S10_Forward  637633753 0.172546 1.70961
W+2_RB3-_S10_Backward  637568221 -0.189672 1.5601
W+2_RB3-_S10_Forward  637633757 -0.402905 1.48269
W-2_RB3-_S11_Backward  637568333 0.0405672 1.43385
W-2_RB3-_S11_Forward  637633869 -0.0661701 1.7116
W-1_RB3-_S11_Backward  637568337 -0.517698 2.09315
W-1_RB3-_S11_Forward  637633873 0.495755 4.10733
W+0_RB3-_S11_Backward  637568341 -0.195023 1.28971
W+0_RB3-_S11_Forward  637633877 0.204862 1.96483
W+1_RB3-_S11_Backward  637568345 -0.294404 1.50929
W+1_RB3-_S11_Forward  637633881 -0.207942 1.70407
W+2_RB3-_S11_Backward  637568349 -0.042333 1.51868
W+2_RB3-_S11_Forward  637633885 -0.0694988 1.48936
W-2_RB3-_S12_Backward  637568461 0.140942 1.50279
W-2_RB3-_S12_Forward  637633997 0.0403726 1.73149
W-1_RB3-_S12_Backward  637568465 0.045503 1.38805
W-1_RB3-_S12_Forward  637634001 0.045394 1.56442
W+0_RB3-_S12_Backward  637568469 0.00734994 1.58451
W+0_RB3-_S12_Forward  637634005 -0.0243282 2.17228
W+1_RB3-_S12_Backward  637568473 -0.226415 1.44129
W+1_RB3-_S12_Forward  637634009 -0.120725 2.0356
W+2_RB3-_S12_Backward  637568477 -0.178369 1.4267
W+2_RB3-_S12_Forward  637634013 -0.157896 1.74744
RE-3_R2_CH02_A  637571140 0 0
RE-3_R2_CH02_B  637603908 0 0
RE-3_R2_CH02_C  637636676 0 0
RE+3_R2_CH02_A  637571142 0.568629 2.5989
RE+3_R2_CH02_B  637603910 0.647439 1.98644
RE+3_R2_CH02_C  637636678 0.570405 1.65832
RE-3_R3_CH02_A  637571144 0 0
RE-3_R3_CH02_B  637603912 0 0
RE-3_R3_CH02_C  637636680 0 0
RE+3_R3_CH02_A  637571146 1.30793 2.28122
RE+3_R3_CH02_B  637603914 0.796842 2.1492
RE+3_R3_CH02_C  637636682 0.443192 2.09505
W-2_RB3+_S01_Backward  637571149 -0.0341429 1.84805
W-2_RB3+_S01_Forward  637636685 -0.0319219 1.94817
W-1_RB3+_S01_Backward  637571153 -0.166428 1.76437
W-1_RB3+_S01_Forward  637636689 -0.144161 1.76172
W+0_RB3+_S01_Backward  637571157 0.0509479 1.88776
W+0_RB3+_S01_Forward  637636693 -0.123045 2.18939
W+1_RB3+_S01_Backward  637571161 -0.167146 1.55076
W+1_RB3+_S01_Forward  637636697 -0.103235 1.84384
W+2_RB3+_S01_Backward  637571165 0.000437201 1.98
W+2_RB3+_S01_Forward  637636701 -0.0493806 2.03082
RE-3_R2_CH08_A  637571268 0 0
RE-3_R2_CH08_B  637604036 0 0
RE-3_R2_CH08_C  637636804 0 0
RE+3_R2_CH08_A  637571270 0.375259 2.10603
RE+3_R2_CH08_B  637604038 0.221647 1.41201
RE+3_R2_CH08_C  637636806 0.0444187 2.59552
RE-3_R3_CH08_A  637571272 0 0
RE-3_R3_CH08_B  637604040 0 0
RE-3_R3_CH08_C  637636808 0 0
RE+3_R3_CH08_A  637571274 0.544791 2.57002
RE+3_R3_CH08_B  637604042 0.418516 2.55846
RE+3_R3_CH08_C  637636810 0.307652 1.97514
W-2_RB3+_S02_Backward  637571277 -0.121622 1.70357
W-2_RB3+_S02_Forward  637636813 -0.119035 1.74276
W-1_RB3+_S02_Backward  637571281 0.0693181 2.14473
W-1_RB3+_S02_Forward  637636817 -0.128447 1.68702
W+0_RB3+_S02_Backward  637571285 -0.0468524 1.72074
W+0_RB3+_S02_Forward  637636821 0.0083864 2.02624
W+1_RB3+_S02_Backward  637571289 -0.0225375 1.73993
W+1_RB3+_S02_Forward  637636825 0.0240177 2.30087
W+2_RB3+_S02_Backward  637571293 0 0
W+2_RB3+_S02_Forward  637636829 0 0
RE-3_R2_CH14_A  637571396 0 0
RE-3_R2_CH14_B  637604164 0 0
RE-3_R2_CH14_C  637636932 0 0
RE+3_R2_CH14_A  637571398 0.872651 2.11803
RE+3_R2_CH14_B  637604166 0.0697286 2.57759
RE+3_R2_CH14_C  637636934 1.24446 1.26746
RE-3_R3_CH14_A  637571400 0 0
RE-3_R3_CH14_B  637604168 0 0
RE-3_R3_CH14_C  637636936 0 0
RE+3_R3_CH14_A  637571402 0.288862 2.74214
RE+3_R3_CH14_B  637604170 0.282071 2.60081
RE+3_R3_CH14_C  637636938 0.197209 1.99424
W-2_RB3+_S03_Backward  637571405 -0.403522 1.43364
W-2_RB3+_S03_Forward  637636941 -0.449188 1.60463
W-1_RB3+_S03_Backward  637571409 -0.0920635 1.56866
W-1_RB3+_S03_Forward  637636945 -0.108355 1.87718
W+0_RB3+_S03_Backward  637571413 0.0512889 1.55468
W+0_RB3+_S03_Forward  637636949 0.0564186 1.90846
W+1_RB3+_S03_Backward  637571417 0.120151 1.49319
W+1_RB3+_S03_Forward  637636953 0.0745879 1.45157
W+2_RB3+_S03_Backward  637571421 0.0745609 1.48775
W+2_RB3+_S03_Forward  637636957 0.0349894 1.59966
RE-3_R2_CH20_A  637571524 0 0
RE-3_R2_CH20_B  637604292 0 0
RE-3_R2_CH20_C  637637060 0 0
RE+3_R2_CH20_A  637571526 0.350117 2.08312
RE+3_R2_CH20_B  637604294 0.469288 2.85085
RE+3_R2_CH20_C  637637062 0.650659 2.46073
RE-3_R3_CH20_A  637571528 0 0
RE-3_R3_CH20_B  637604296 0 0
RE-3_R3_CH20_C  637637064 0 0
RE+3_R3_CH20_A  637571530 0.920331 2.70693
RE+3_R3_CH20_B  637604298 0.846946 2.77036
RE+3_R3_CH20_C  637637066 0.714313 2.29843
W-2_RB3+_S04_Backward  637571533 -0.00799692 1.37741
W-2_RB3+_S04_Forward  637637069 -0.101428 1.55512
W-1_RB3+_S04_Backward  637571537 -0.238681 1.49591
W-1_RB3+_S04_Forward  637637073 -0.0496651 1.5641
W+0_RB3+_S04_Backward  637571541 0.0950176 1.96738
W+0_RB3+_S04_Forward  637637077 -0.0155766 3.30827
W+1_RB3+_S04_Backward  637571545 0.30498 1.30293
W+1_RB3+_S04_Forward  637637081 -0.0336756 1.47435
W+2_RB3+_S04_Backward  637571549 0.0108145 1.37876
W+2_RB3+_S04_Forward  637637085 -0.105675 1.39858
RE-3_R2_CH26_A  637571652 0 0
RE-3_R2_CH26_B  637604420 0 0
RE-3_R2_CH26_C  637637188 0 0
RE+3_R2_CH26_A  637571654 0.268015 1.87126
RE+3_R2_CH26_B  637604422 0.494974 1.85711
RE+3_R2_CH26_C  637637190 -0.374297 1.51126
RE-3_R3_CH26_A  637571656 0 0
RE-3_R3_CH26_B  637604424 0 0
RE-3_R3_CH26_C  637637192 0 0
RE+3_R3_CH26_A  637571658 -0.0412784 2.30431
RE+3_R3_CH26_B  637604426 -0.00786102 2.61952
RE+3_R3_CH26_C  637637194 0.139377 2.38854
W-2_RB3+_S05_Backward  637571661 -0.229521 1.51263
W-2_RB3+_S05_Forward  637637197 -0.0189343 1.68655
W-1_RB3+_S05_Backward  637571665 -0.0642642 1.75164
W-1_RB3+_S05_Forward  637637201 -0.122392 2.0817
W+0_RB3+_S05_Backward  637571669 -0.0888586 1.95326
W+0_RB3+_S05_Forward  637637205 -0.0848839 2.15323
W+1_RB3+_S05_Backward  637571673 -0.153268 1.89134
W+1_RB3+_S05_Forward  637637209 -0.131388 1.75633
W+2_RB3+_S05_Backward  637571677 0 0
W+2_RB3+_S05_Forward  637637213 0.212531 1.68741
RE-3_R2_CH32_A  637571780 0 0
RE-3_R2_CH32_B  637604548 0 0
RE-3_R2_CH32_C  637637316 0 0
RE+3_R2_CH32_A  637571782 -0.0477291 2.19576
RE+3_R2_CH32_B  637604550 0.0186053 1.94934
RE+3_R2_CH32_C  637637318 0.0816302 1.26693
RE-3_R3_CH32_A  637571784 0 0
RE-3_R3_CH32_B  637604552 0 0
RE-3_R3_CH32_C  637637320 0 0
RE+3_R3_CH32_A  637571786 0.065018 1.1312
RE+3_R3_CH32_B  637604554 1.62251 1.51032
RE+3_R3_CH32_C  637637322 0.914741 2.58412
W-2_RB3+_S06_Backward  637571789 -0.238557 1.65106
W-2_RB3+_S06_Forward  637637325 -0.208027 1.81462
W-1_RB3+_S06_Backward  637571793 -0.171051 1.53118
W-1_RB3+_S06_Forward  637637329 -0.197427 1.75115
W+0_RB3+_S06_Backward  637571797 -0.124081 1.61491
W+0_RB3+_S06_Forward  637637333 -0.0519563 1.5682
W+1_RB3+_S06_Backward  637571801 0.153207 1.39404
W+1_RB3+_S06_Forward  637637337 0.126636 1.6915
W+2_RB3+_S06_Backward  637571805 0.130814 1.54078
W+2_RB3+_S06_Forward  637637341 -0.0905259 2.06521
W-2_RB3+_S07_Backward  637571917 -0.0347444 1.6467
W-2_RB3+_S07_Forward  637637453 -0.335387 1.92452
W-1_RB3+_S07_Backward  637571921 -0.129168 1.51447
W-1_RB3+_S07_Forward  637637457 -0.0337454 1.59987
W+0_RB3+_S07_Backward  637571925 0.0920161 1.45292
W+0_RB3+_S07_Forward  637637461 0.155705 1.62094
W+1_RB3+_S07_Backward  637571929 0 0
W+1_RB3+_S07_Forward  637637465 0 0
W+2_RB3+_S07_Backward  637571933 0 0
W+2_RB3+_S07_Forward  637637469 0 0
W-2_RB3+_S08_Backward  637572045 -0.049815 1.40628
W-2_RB3+_S08_Forward  637637581 -0.140315 1.59896
W-1_RB3+_S08_Backward  637572049 -0.185549 1.47912
W-1_RB3+_S08_Forward  637637585 0.0122837 1.99853
W+0_RB3+_S08_Backward  637572053 -0.0182502 1.51892
W+0_RB3+_S08_Forward  637637589 -0.0377222 2.04259
W+1_RB3+_S08_Backward  637572057 -0.267132 3.31284
W+1_RB3+_S08_Forward  637637593 0.666919 2.87654
W+2_RB3+_S08_Backward  637572061 -0.117216 1.8817
W+2_RB3+_S08_Forward  637637597 0.0890168 1.63642
W-2_RB3+_S09_Backward  637572173 -0.300245 1.50266
W-2_RB3+_S09_Forward  637637709 -0.336634 1.62759
W-1_RB3+_S09_Backward  637572177 -0.144165 1.38558
W-1_RB3+_S09_Forward  637637713 -0.17875 1.67318
W+0_RB3+_S09_Backward  637572181 -0.13124 1.62529
W+0_RB3+_S09_Forward  637637717 -0.160738 1.6512
W+1_RB3+_S09_Backward  637572185 0.00555369 1.52352
W+1_RB3+_S09_Forward  637637721 -0.0923166 1.6421
W+2_RB3+_S09_Backward  637572189 0.108376 1.55305
W+2_RB3+_S09_Forward  637637725 0.155443 1.44711
W-2_RB3+_S10_Backward  637572301 0 0
W-2_RB3+_S10_Forward  637637837 0 0
W-1_RB3+_S10_Backward  637572305 0 0
W-1_RB3+_S10_Forward  637637841 0 0
W+0_RB3+_S10_Backward  637572309 0.00364707 1.44735
W+0_RB3+_S10_Forward  637637845 0.0842454 1.92275
W+1_RB3+_S10_Backward  637572313 0.180133 1.47961
W+1_RB3+_S10_Forward  637637849 0.13792 1.59775
W+2_RB3+_S10_Backward  637572317 -0.147252 1.48717
W+2_RB3+_S10_Forward  637637853 0.0170143 1.46647
W-2_RB3+_S11_Backward  637572429 -0.0543739 1.42484
W-2_RB3+_S11_Forward  637637965 -0.0549619 2.45617
W-1_RB3+_S11_Backward  637572433 -0.0702874 1.56258
W-1_RB3+_S11_Forward  637637969 -0.209942 1.71578
W+0_RB3+_S11_Backward  637572437 -0.0420081 1.36893
W+0_RB3+_S11_Forward  637637973 -0.033186 1.56673
W+1_RB3+_S11_Backward  637572441 -0.0173476 1.45804
W+1_RB3+_S11_Forward  637637977 -0.105384 2.39564
W+2_RB3+_S11_Backward  637572445 -0.0130027 1.4056
W+2_RB3+_S11_Forward  637637981 0.0453643 1.4844
W-2_RB3+_S12_Backward  637572557 -0.281072 1.46917
W-2_RB3+_S12_Forward  637638093 -0.186176 1.69191
W-1_RB3+_S12_Backward  637572561 -0.671456 1.68151
W-1_RB3+_S12_Forward  637638097 -0.143251 1.6412
W+0_RB3+_S12_Backward  637572565 0.074544 1.54363
W+0_RB3+_S12_Forward  637638101 -0.0455928 1.45703
W+1_RB3+_S12_Backward  637572569 -0.0644468 1.46231
W+1_RB3+_S12_Forward  637638105 -0.0343426 1.47586
W+2_RB3+_S12_Backward  637572573 0.109143 1.50683
W+2_RB3+_S12_Forward  637638109 -0.0111256 1.65512
RE-3_R2_CH03_A  637575236 0 0
RE-3_R2_CH03_B  637608004 0 0
RE-3_R2_CH03_C  637640772 0 0
RE+3_R2_CH03_A  637575238 0.0771193 3.61432
RE+3_R2_CH03_B  637608006 -0.248877 3.08504
RE+3_R2_CH03_C  637640774 0.889866 2.94841
RE-3_R3_CH03_A  637575240 0 0
RE-3_R3_CH03_B  637608008 0 0
RE-3_R3_CH03_C  637640776 0 0
RE+3_R3_CH03_A  637575242 0 0
RE+3_R3_CH03_B  637608010 0 0
RE+3_R3_CH03_C  637640778 -7.20804 0
RE-3_R2_CH09_A  637575364 0 0
RE-3_R2_CH09_B  637608132 0 0
RE-3_R2_CH09_C  637640900 0 0
RE+3_R2_CH09_A  637575366 0.34894 2.46776
RE+3_R2_CH09_B  637608134 -0.0829926 2.11177
RE+3_R2_CH09_C  637640902 -0.0110826 2.21659
RE-3_R3_CH09_A  637575368 0 0
RE-3_R3_CH09_B  637608136 0 0
RE-3_R3_CH09_C  637640904 0 0
RE+3_R3_CH09_A  637575370 0.661999 2.9519
RE+3_R3_CH09_B  637608138 0.455881 2.74152
RE+3_R3_CH09_C  637640906 0.154179 2.46659
RE-3_R2_CH15_A  637575492 0 0
RE-3_R2_CH15_B  637608260 0 0
RE-3_R2_CH15_C  637641028 0 0
RE+3_R2_CH15_A  637575494 0.0206877 3.51916
RE+3_R2_CH15_B  637608262 0.275304 2.91984
RE+3_R2_CH15_C  637641030 -0.656661 2.87571
RE-3_R3_CH15_A  637575496 0 0
RE-3_R3_CH15_B  637608264 0 0
RE-3_R3_CH15_C  637641032 0 0
RE+3_R3_CH15_A  637575498 1.65482 3.45559
RE+3_R3_CH15_B  637608266 0.754395 3.76488
RE+3_R3_CH15_C  637641034 0.842368 3.53894
RE-3_R2_CH21_A  637575620 0 0
RE-3_R2_CH21_B  637608388 0 0
RE-3_R2_CH21_C  637641156 0 0
RE+3_R2_CH21_A  637575622 0 0
RE+3_R2_CH21_B  637608390 0 0
RE+3_R2_CH21_C  637641158 0 0
RE-3_R3_CH21_A  637575624 0 0
RE-3_R3_CH21_B  637608392 0 0
RE-3_R3_CH21_C  637641160 0 0
RE+3_R3_CH21_A  637575626 0 0
RE+3_R3_CH21_B  637608394 0 0
RE+3_R3_CH21_C  637641162 0 0
RE-3_R2_CH27_A  637575748 0 0
RE-3_R2_CH27_B  637608516 0 0
RE-3_R2_CH27_C  637641284 0 0
RE+3_R2_CH27_A  637575750 0.339837 3.27001
RE+3_R2_CH27_B  637608518 1.00006 3.19481
RE+3_R2_CH27_C  637641286 0.944849 2.24149
RE-3_R3_CH27_A  637575752 0 0
RE-3_R3_CH27_B  637608520 0 0
RE-3_R3_CH27_C  637641288 0 0
RE+3_R3_CH27_A  637575754 0.372743 3.38901
RE+3_R3_CH27_B  637608522 0.490644 3.21491
RE+3_R3_CH27_C  637641290 0.471316 2.83531
RE-3_R2_CH33_A  637575876 0 0
RE-3_R2_CH33_B  637608644 0 0
RE-3_R2_CH33_C  637641412 0 0
RE+3_R2_CH33_A  637575878 -0.0858319 3.97399
RE+3_R2_CH33_B  637608646 0.446498 3.08646
RE+3_R2_CH33_C  637641414 -0.951528 2.27804
RE-3_R3_CH33_A  637575880 0 0
RE-3_R3_CH33_B  637608648 0 0
RE-3_R3_CH33_C  637641416 0 0
RE+3_R3_CH33_A  637575882 1.9858 3.85989
RE+3_R3_CH33_B  637608650 1.09978 3.97742
RE+3_R3_CH33_C  637641418 0.652272 3.55528
RE-3_R2_CH04_A  637579332 0 0
RE-3_R2_CH04_B  637612100 0 0
RE-3_R2_CH04_C  637644868 0 0
RE+3_R2_CH04_A  637579334 0.0465002 2.12918
RE+3_R2_CH04_B  637612102 0.181576 1.79348
RE+3_R2_CH04_C  637644870 -0.449784 1.07598
RE-3_R3_CH04_A  637579336 0 0
RE-3_R3_CH04_B  637612104 0 0
RE-3_R3_CH04_C  637644872 0 0
RE+3_R3_CH04_A  637579338 0.928215 2.23316
RE+3_R3_CH04_B  637612106 0.567927 2.44841
RE+3_R3_CH04_C  637644874 0.156797 2.29638
RE-3_R2_CH10_A  637579460 0 0
RE-3_R2_CH10_B  637612228 0 0
RE-3_R2_CH10_C  637644996 0 0
RE+3_R2_CH10_A  637579462 1.16091 2.08638
RE+3_R2_CH10_B  637612230 -0.100384 1.61552
RE+3_R2_CH10_C  637644998 -0.29898 1.35341
RE-3_R3_CH10_A  637579464 0 0
RE-3_R3_CH10_B  637612232 0 0
RE-3_R3_CH10_C  637645000 0 0
RE+3_R3_CH10_A  637579466 0.891252 2.60074
RE+3_R3_CH10_B  637612234 0.523116 2.42424
RE+3_R3_CH10_C  637645002 0.459883 2.0624
RE-3_R2_CH16_A  637579588 0 0
RE-3_R2_CH16_B  637612356 0 0
RE-3_R2_CH16_C  637645124 0 0
RE+3_R2_CH16_A  637579590 0.503001 2.2505
RE+3_R2_CH16_B  637612358 0.19364 1.55471
RE+3_R2_CH16_C  637645126 -0.052886 1.83553
RE-3_R3_CH16_A  637579592 0 0
RE-3_R3_CH16_B  637612360 0 0
RE-3_R3_CH16_C  637645128 0 0
RE+3_R3_CH16_A  637579594 0.215815 2.66939
RE+3_R3_CH16_B  637612362 0.116691 2.8616
RE+3_R3_CH16_C  637645130 0.0941612 2.15864
RE-3_R2_CH22_A  637579716 0 0
RE-3_R2_CH22_B  637612484 0 0
RE-3_R2_CH22_C  637645252 0 0
RE+3_R2_CH22_A  637579718 0.378225 1.90886
RE+3_R2_CH22_B  637612486 0.350136 2.22589
RE+3_R2_CH22_C  637645254 -0.87675 1.70262
RE-3_R3_CH22_A  637579720 0 0
RE-3_R3_CH22_B  637612488 0 0
RE-3_R3_CH22_C  637645256 0 0
RE+3_R3_CH22_A  637579722 0.99523 2.86844
RE+3_R3_CH22_B  637612490 0.584899 3.08382
RE+3_R3_CH22_C  637645258 0.505527 2.42579
RE-3_R2_CH28_A  637579844 0 0
RE-3_R2_CH28_B  637612612 0 0
RE-3_R2_CH28_C  637645380 0 0
RE+3_R2_CH28_A  637579846 0.0874921 1.82617
RE+3_R2_CH28_B  637612614 0.329863 1.58567
RE+3_R2_CH28_C  637645382 -0.0498163 1.88526
RE-3_R3_CH28_A  637579848 0 0
RE-3_R3_CH28_B  637612616 0 0
RE-3_R3_CH28_C  637645384 0 0
RE+3_R3_CH28_A  637579850 0.00024013 2.79652
RE+3_R3_CH28_B  637612618 0.0952159 2.43308
RE+3_R3_CH28_C  637645386 0.207421 2.2174
RE-3_R2_CH34_A  637579972 0 0
RE-3_R2_CH34_B  637612740 0 0
RE-3_R2_CH34_C  637645508 0 0
RE+3_R2_CH34_A  637579974 0.409269 2.03344
RE+3_R2_CH34_B  637612742 0.311243 1.87734
RE+3_R2_CH34_C  637645510 0.383177 1.47304
RE-3_R3_CH34_A  637579976 0 0
RE-3_R3_CH34_B  637612744 0 0
RE-3_R3_CH34_C  637645512 0 0
RE+3_R3_CH34_A  637579978 -0.399487 2.45605
RE+3_R3_CH34_B  637612746 -0.101865 2.59614
RE+3_R3_CH34_C  637645514 0.15209 2.52592
RE-3_R2_CH05_A  637583428 0 0
RE-3_R2_CH05_B  637616196 0 0
RE-3_R2_CH05_C  637648964 0 0
RE+3_R2_CH05_A  637583430 -2.22105 0.234237
RE+3_R2_CH05_B  637616198 0 0
RE+3_R2_CH05_C  637648966 0 0
RE-3_R3_CH05_A  637583432 0 0
RE-3_R3_CH05_B  637616200 0 0
RE-3_R3_CH05_C  637648968 0 0
RE+3_R3_CH05_A  637583434 0 0
RE+3_R3_CH05_B  637616202 0 0
RE+3_R3_CH05_C  637648970 0 0
RE-3_R2_CH11_A  637583556 0 0
RE-3_R2_CH11_B  637616324 0 0
RE-3_R2_CH11_C  637649092 0 0
RE+3_R2_CH11_A  637583558 0.30869 2.81388
RE+3_R2_CH11_B  637616326 0.220643 2.45098
RE+3_R2_CH11_C  637649094 -1.05683 2.50698
RE-3_R3_CH11_A  637583560 0 0
RE-3_R3_CH11_B  637616328 0 0
RE-3_R3_CH11_C  637649096 0 0
RE+3_R3_CH11_A  637583562 1.48231 2.7792
RE+3_R3_CH11_B  637616330 0.700238 3.11549
RE+3_R3_CH11_C  637649098 0.350826 2.76245
RE-3_R2_CH17_A  637583684 0 0
RE-3_R2_CH17_B  637616452 0 0
RE-3_R2_CH17_C  637649220 0 0
RE+3_R2_CH17_A  637583686 0 0
RE+3_R2_CH17_B  637616454 0 0
RE+3_R2_CH17_C  637649222 0 0
RE-3_R3_CH17_A  637583688 0 0
RE-3_R3_CH17_B  637616456 0 0
RE-3_R3_CH17_C  637649224 0 0
RE+3_R3_CH17_A  637583690 0 0
RE+3_R3_CH17_B  637616458 0 0
RE+3_R3_CH17_C  637649226 0 0
RE-3_R2_CH23_A  637583812 0 0
RE-3_R2_CH23_B  637616580 0 0
RE-3_R2_CH23_C  637649348 0 0
RE+3_R2_CH23_A  637583814 -0.334935 2.90579
RE+3_R2_CH23_B  637616582 0.176066 2.56547
RE+3_R2_CH23_C  637649350 2.7604 2.27223
RE-3_R3_CH23_A  637583816 0 0
RE-3_R3_CH23_B  637616584 0 0
RE-3_R3_CH23_C  637649352 0 0
RE+3_R3_CH23_A  637583818 -0.999575 3.41637
RE+3_R3_CH23_B  637616586 -0.713714 3.5895
RE+3_R3_CH23_C  637649354 -0.220107 2.98551
RE-3_R2_CH29_A  637583940 0 0
RE-3_R2_CH29_B  637616708 0 0
RE-3_R2_CH29_C  637649476 0 0
RE+3_R2_CH29_A  637583942 0 0
RE+3_R2_CH29_B  637616710 0 0
RE+3_R2_CH29_C  637649478 0 0
RE-3_R3_CH29_A  637583944 0 0
RE-3_R3_CH29_B  637616712 0 0
RE-3_R3_CH29_C  637649480 0 0
RE+3_R3_CH29_A  637583946 0 0
RE+3_R3_CH29_B  637616714 0 0
RE+3_R3_CH29_C  637649482 0 0
RE-3_R2_CH35_A  637584068 0 0
RE-3_R2_CH35_B  637616836 0 0
RE-3_R2_CH35_C  637649604 0 0
RE+3_R2_CH35_A  637584070 0 0
RE+3_R2_CH35_B  637616838 0 0
RE+3_R2_CH35_C  637649606 0 0
RE-3_R3_CH35_A  637584072 0 0
RE-3_R3_CH35_B  637616840 0 0
RE-3_R3_CH35_C  637649608 0 0
RE+3_R3_CH35_A  637584074 0 0
RE+3_R3_CH35_B  637616842 0 0
RE+3_R3_CH35_C  637649610 0 0
RE-3_R2_CH06_A  637587524 0 0
RE-3_R2_CH06_B  637620292 0 0
RE-3_R2_CH06_C  637653060 0 0
RE+3_R2_CH06_A  637587526 0 0
RE+3_R2_CH06_B  637620294 0 0
RE+3_R2_CH06_C  637653062 0 0
RE-3_R3_CH06_A  637587528 0 0
RE-3_R3_CH06_B  637620296 0 0
RE-3_R3_CH06_C  637653064 0 0
RE+3_R3_CH06_A  637587530 0 0
RE+3_R3_CH06_B  637620298 0 0
RE+3_R3_CH06_C  637653066 0 0
RE-3_R2_CH12_A  637587652 0 0
RE-3_R2_CH12_B  637620420 0 0
RE-3_R2_CH12_C  637653188 0 0
RE+3_R2_CH12_A  637587654 0.52457 1.84969
RE+3_R2_CH12_B  637620422 0.354758 1.85192
RE+3_R2_CH12_C  637653190 -0.120282 2.0915
RE-3_R3_CH12_A  637587656 0 0
RE-3_R3_CH12_B  637620424 0 0
RE-3_R3_CH12_C  637653192 0 0
RE+3_R3_CH12_A  637587658 0.203531 2.43257
RE+3_R3_CH12_B  637620426 0.520636 2.41302
RE+3_R3_CH12_C  637653194 0.341234 2.17958
RE-3_R2_CH18_A  637587780 0 0
RE-3_R2_CH18_B  637620548 0 0
RE-3_R2_CH18_C  637653316 0 0
RE+3_R2_CH18_A  637587782 0 0
RE+3_R2_CH18_B  637620550 0 0
RE+3_R2_CH18_C  637653318 0 0
RE-3_R3_CH18_A  637587784 0 0
RE-3_R3_CH18_B  637620552 0 0
RE-3_R3_CH18_C  637653320 0 0
RE+3_R3_CH18_A  637587786 0 0
RE+3_R3_CH18_B  637620554 0 0
RE+3_R3_CH18_C  637653322 0 0
RE-3_R2_CH24_A  637587908 0 0
RE-3_R2_CH24_B  637620676 0 0
RE-3_R2_CH24_C  637653444 0 0
RE+3_R2_CH24_A  637587910 0 0
RE+3_R2_CH24_B  637620678 0 0
RE+3_R2_CH24_C  637653446 0 0
RE-3_R3_CH24_A  637587912 0 0
RE-3_R3_CH24_B  637620680 0 0
RE-3_R3_CH24_C  637653448 0 0
RE+3_R3_CH24_A  637587914 0 0
RE+3_R3_CH24_B  637620682 0 0
RE+3_R3_CH24_C  637653450 0 0
RE-3_R2_CH30_A  637588036 0 0
RE-3_R2_CH30_B  637620804 0 0
RE-3_R2_CH30_C  637653572 0 0
RE+3_R2_CH30_A  637588038 0.52746 2.00007
RE+3_R2_CH30_B  637620806 0.0535076 1.24332
RE+3_R2_CH30_C  637653574 0.333291 1.73047
RE-3_R3_CH30_A  637588040 0 0
RE-3_R3_CH30_B  637620808 0 0
RE-3_R3_CH30_C  637653576 0 0
RE+3_R3_CH30_A  637588042 0 0
RE+3_R3_CH30_B  637620810 0.71227 3.18592
RE+3_R3_CH30_C  637653578 0.166672 2.3137
RE-3_R2_CH36_A  637588164 0 0
RE-3_R2_CH36_B  637620932 0 0
RE-3_R2_CH36_C  637653700 0 0
RE+3_R2_CH36_A  637588166 0 0
RE+3_R2_CH36_B  637620934 0 0
RE+3_R2_CH36_C  637653702 0 0
RE-3_R3_CH36_A  637588168 0 0
RE-3_R3_CH36_B  637620936 0 0
RE-3_R3_CH36_C  637653704 0 0
RE+3_R3_CH36_A  637588170 0 0
RE+3_R3_CH36_B  637620938 0 0
RE+3_R3_CH36_C  637653706 0 0
W-2_RB4-_S01_Backward  637567085 0.10597 1.94644
W-2_RB4-_S01_Forward  637632621 0.0594669 2.42919
W-1_RB4-_S01_Backward  637567089 -0.41553 2.57401
W-1_RB4-_S01_Forward  637632625 0.143488 2.27124
W+0_RB4-_S01_Backward  637567093 -0.0335538 1.63677
W+0_RB4-_S01_Forward  637632629 -0.224315 1.8748
W+1_RB4-_S01_Backward  637567097 0.0776172 1.93405
W+1_RB4-_S01_Forward  637632633 -0.157722 1.91837
W+2_RB4-_S01_Backward  637567101 0.121296 1.82454
W+2_RB4-_S01_Forward  637632637 0.152132 2.08175
W-2_RB4-_S02_Backward  637567213 0.264641 1.91342
W-2_RB4-_S02_Forward  637632749 0.113424 2.38721
W-1_RB4-_S02_Backward  637567217 2.50761 2.77387
W-1_RB4-_S02_Forward  637632753 0 0
W+0_RB4-_S02_Backward  637567221 -0.219346 1.78164
W+0_RB4-_S02_Forward  637632757 -0.298837 1.79636
W+1_RB4-_S02_Backward  637567225 -0.436259 2.12636
W+1_RB4-_S02_Forward  637632761 -0.495024 2.63846
W+2_RB4-_S02_Backward  637567229 -0.805133 1.5089
W+2_RB4-_S02_Forward  637632765 -0.319859 1.60339
W-2_RB4-_S03_Backward  637567341 0.427637 1.83641
W-2_RB4-_S03_Forward  637632877 0.261102 2.54626
W-1_RB4-_S03_Backward  637567345 0.292219 2.12045
W-1_RB4-_S03_Forward  637632881 0.263549 1.85779
W+0_RB4-_S03_Backward  637567349 -0.174632 1.49192
W+0_RB4-_S03_Forward  637632885 -0.0719485 1.94021
W+1_RB4-_S03_Backward  637567353 -0.142895 1.60003
W+1_RB4-_S03_Forward  637632889 -0.246466 1.86474
W+2_RB4-_S03_Backward  637567357 -0.143155 1.68521
W+2_RB4-_S03_Forward  637632893 -0.149884 1.50133
W-2_RB4--_S04_Backward  637567469 0.175984 1.86592
W-2_RB4--_S04_Forward  637633005 0.198899 1.69834
W-1_RB4--_S04_Backward  637567473 0.0982673 1.49173
W-1_RB4--_S04_Forward  637633009 0.0649072 1.53506
W+0_RB4--_S04_Backward  637567477 0.532702 1.44923
W+0_RB4--_S04_Forward  637633013 0.287908 1.58339
W+1_RB4--_S04_Backward  637567481 0.0386846 1.35297
W+1_RB4--_S04_Forward  637633017 -0.199192 1.60024
W+2_RB4--_S04_Backward  637567485 -0.391456 1.48934
W+2_RB4--_S04_Forward  637633021 -0.409201 1.41875
W-2_RB4-_S05_Backward  637567597 -0.0472789 1.431
W-2_RB4-_S05_Forward  637633133 -0.0242293 1.67071
W-1_RB4-_S05_Backward  637567601 0.036383 1.57449
W-1_RB4-_S05_Forward  637633137 0.0713184 1.73915
W+0_RB4-_S05_Backward  637567605 -0.175808 1.59151
W+0_RB4-_S05_Forward  637633141 -0.0583245 1.81044
W+1_RB4-_S05_Backward  637567609 0.0900671 1.5687
W+1_RB4-_S05_Forward  637633145 0.0191792 1.78472
W+2_RB4-_S05_Backward  637567613 0 0
W+2_RB4-_S05_Forward  637633149 -0.0687161 2.39398
W-2_RB4-_S06_Backward  637567725 -0.0288539 1.52258
W-2_RB4-_S06_Forward  637633261 -0.0426276 1.59989
W-1_RB4-_S06_Backward  637567729 0 0
W-1_RB4-_S06_Forward  637633265 0 0
W+0_RB4-_S06_Backward  637567733 0.126496 1.47752
W+0_RB4-_S06_Forward  637633269 0.148451 1.63622
W+1_RB4-_S06_Backward  637567737 0.127603 1.74762
W+1_RB4-_S06_Forward  637633273 0.339579 1.87016
W+2_RB4-_S06_Backward  637567741 0.0504058 1.94469
W+2_RB4-_S06_Forward  637633277 0.0503871 2.2209
W-2_RB4-_S07_Backward  637567853 0.0555527 1.84687
W-2_RB4-_S07_Forward  637633389 -0.0623391 2.13557
W-1_RB4-_S07_Backward  637567857 0.0754401 1.65554
W-1_RB4-_S07_Forward  637633393 0.122871 2.20967
W+0_RB4-_S07_Backward  637567861 0.107168 1.87302
W+0_RB4-_S07_Forward  637633397 0.211658 2.81154
W+1_RB4-_S07_Backward  637567865 0 0
W+1_RB4-_S07_Forward  637633401 0 0
W+2_RB4-_S07_Backward  637567869 5.16466e-05 1.95141
W+2_RB4-_S07_Forward  637633405 -0.182925 1.65207
W-2_RB4-_S08_Backward  637567981 0.0488036 1.54855
W-2_RB4-_S08_Forward  637633517 0.129973 1.64154
W-1_RB4-_S08_Backward  637567985 0.017215 1.6378
W-1_RB4-_S08_Forward  637633521 -0.0301397 1.65858
W+0_RB4-_S08_Backward  637567989 0.161081 1.68496
W+0_RB4-_S08_Forward  637633525 -0.0602345 2.88558
W+1_RB4-_S08_Backward  637567993 0.0120625 1.69458
W+1_RB4-_S08_Forward  637633529 -0.0620668 1.58411
W+2_RB4-_S08_Backward  637567997 0.181152 2.46968
W+2_RB4-_S08_Forward  637633533 0.0320115 1.77337
W-2_RB4_S09_Backward  637568109 0.156302 1.56035
W-2_RB4_S09_Forward  637633645 -0.0676257 1.73695
W-1_RB4_S09_Backward  637568113 0.0610507 1.73627
W-1_RB4_S09_Forward  637633649 -0.115086 2.02436
W+0_RB4_S09_Backward  637568117 -0.00631161 1.67873
W+0_RB4_S09_Forward  637633653 0.0641561 1.89322
W+1_RB4_S09_Backward  637568121 -0.0304067 2.18302
W+1_RB4_S09_Forward  637633657 -0.209009 1.82711
W+2_RB4_S09_Backward  637568125 0 0
W+2_RB4_S09_Forward  637633661 0 0
W-2_RB4-_S10_Backward  637568237 -0.252825 1.56935
W-2_RB4-_S10_Forward  637633773 -0.356238 1.76996
W-1_RB4-_S10_Backward  637568241 -0.662468 3.95732
W-1_RB4-_S10_Forward  637633777 0.734982 4.81644
W+0_RB4-_S10_Backward  637568245 0.328143 1.56535
W+0_RB4-_S10_Forward  637633781 0.369353 1.87116
W+1_RB4-_S10_Backward  637568249 0.232771 1.60423
W+1_RB4-_S10_Forward  637633785 0.278788 1.91613
W+2_RB4-_S10_Backward  637568253 -0.221984 1.71543
W+2_RB4-_S10_Forward  637633789 -0.298974 2.13998
W-2_RB4_S11_Backward  637568365 0.0094917 1.52393
W-2_RB4_S11_Forward  637633901 -0.082143 2.09875
W-1_RB4_S11_Backward  637568369 0.00457429 1.87887
W-1_RB4_S11_Forward  637633905 -0.0482565 2.01277
W+0_RB4_S11_Backward  637568373 0.581784 1.63976
W+0_RB4_S11_Forward  637633909 0.327891 1.87043
W+1_RB4_S11_Backward  637568377 -0.0451669 2.04764
W+1_RB4_S11_Forward  637633913 -0.0239636 2.41706
W+2_RB4_S11_Backward  637568381 0.0418732 1.56894
W+2_RB4_S11_Forward  637633917 0.0196863 1.98955
W-2_RB4-_S12_Backward  637568493 0.355489 1.49756
W-2_RB4-_S12_Forward  637634029 0.314861 1.53565
W-1_RB4-_S12_Backward  637568497 0.180178 1.95797
W-1_RB4-_S12_Forward  637634033 0.29663 1.70094
W+0_RB4-_S12_Backward  637568501 0.214399 1.50643
W+0_RB4-_S12_Forward  637634037 0.148907 1.587
W+1_RB4-_S12_Backward  637568505 -0.154543 1.53522
W+1_RB4-_S12_Forward  637634041 -0.193772 1.8128
W+2_RB4-_S12_Backward  637568509 -0.24766 1.41303
W+2_RB4-_S12_Forward  637634045 -0.40627 1.80698
W-2_RB4+_S01_Backward  637571181 -0.0958454 1.47238
W-2_RB4+_S01_Forward  637636717 -0.171726 1.99867
W-1_RB4+_S01_Backward  637571185 0 0
W-1_RB4+_S01_Forward  637636721 0 0
W+0_RB4+_S01_Backward  637571189 0.120845 1.5796
W+0_RB4+_S01_Forward  637636725 0.0339328 1.45515
W+1_RB4+_S01_Backward  637571193 -0.066884 1.86547
W+1_RB4+_S01_Forward  637636729 0.00297236 1.93141
W+2_RB4+_S01_Backward  637571197 0.519097 2.49566
W+2_RB4+_S01_Forward  637636733 0.068696 2.04519
W-2_RB4+_S02_Backward  637571309 0.330878 1.49317
W-2_RB4+_S02_Forward  637636845 0.399675 1.90114
W-1_RB4+_S02_Backward  637571313 0.238719 1.69258
W-1_RB4+_S02_Forward  637636849 -1.04485 2.0073
W+0_RB4+_S02_Backward  637571317 -0.18711 1.55255
W+0_RB4+_S02_Forward  637636853 -0.162969 2.29442
W+1_RB4+_S02_Backward  637571321 -0.0713036 1.96544
W+1_RB4+_S02_Forward  637636857 -0.221043 1.97672
W+2_RB4+_S02_Backward  637571325 -0.393654 1.77708
W+2_RB4+_S02_Forward  637636861 -0.412061 1.7914
W-2_RB4+_S03_Backward  637571437 0.187501 1.72765
W-2_RB4+_S03_Forward  637636973 0.0954049 1.87824
W-1_RB4+_S03_Backward  637571441 -0.0916514 1.70607
W-1_RB4+_S03_Forward  637636977 0.224776 2.22766
W+0_RB4+_S03_Backward  637571445 -0.0792817 1.67075
W+0_RB4+_S03_Forward  637636981 0.0711794 2.19456
W+1_RB4+_S03_Backward  637571449 -0.163362 1.70108
W+1_RB4+_S03_Forward  637636985 -0.196968 1.59412
W+2_RB4+_S03_Backward  637571453 0.0880268 1.74064
W+2_RB4+_S03_Forward  637636989 0.142074 1.92065
W-2_RB4-+_S04_Backward  637571565 0.179403 1.34429
W-2_RB4-+_S04_Forward  637637101 0.225859 1.33733
W-1_RB4-+_S04_Backward  637571569 0.0375645 1.41291
W-1_RB4-+_S04_Forward  637637105 0.0426801 1.40294
W+0_RB4-+_S04_Backward  637571573 0.331512 1.50249
W+0_RB4-+_S04_Forward  637637109 0.293536 1.39552
W+1_RB4-+_S04_Backward  637571577 0.142364 1.53208
W+1_RB4-+_S04_Forward  637637113 -0.188843 1.73406
W+2_RB4-+_S04_Backward  637571581 -0.130995 1.50583
W+2_RB4-+_S04_Forward  637637117 -0.228946 1.8816
W-2_RB4+_S05_Backward  637571693 -0.411853 1.50912
W-2_RB4+_S05_Forward  637637229 -0.50433 1.80369
W-1_RB4+_S05_Backward  637571697 -0.288883 1.4902
W-1_RB4+_S05_Forward  637637233 -0.463465 1.74816
W+0_RB4+_S05_Backward  637571701 -0.471282 1.54658
W+0_RB4+_S05_Forward  637637237 -0.721332 1.57914
W+1_RB4+_S05_Backward  637571705 0.289025 1.64458
W+1_RB4+_S05_Forward  637637241 0.185296 1.87408
W+2_RB4+_S05_Backward  637571709 0 0
W+2_RB4+_S05_Forward  637637245 0.321725 1.72266
W-2_RB4+_S06_Backward  637571821 -0.102577 1.75754
W-2_RB4+_S06_Forward  637637357 -0.131457 1.98693
W-1_RB4+_S06_Backward  637571825 -0.393993 1.52132
W-1_RB4+_S06_Forward  637637361 -0.468916 1.70826
W+0_RB4+_S06_Backward  637571829 0.630776 1.56363
W+0_RB4+_S06_Forward  637637365 0.5641 1.60313
W+1_RB4+_S06_Backward  637571833 0.770726 1.67096
W+1_RB4+_S06_Forward  637637369 0.51691 1.80679
W+2_RB4+_S06_Backward  637571837 0.351887 1.66607
W+2_RB4+_S06_Forward  637637373 0.418987 1.5637
W-2_RB4+_S07_Backward  637571949 -0.373651 2.46051
W-2_RB4+_S07_Forward  637637485 -0.253502 2.0331
W-1_RB4+_S07_Backward  637571953 -0.0204533 2.37768
W-1_RB4+_S07_Forward  637637489 -0.0383275 1.8065
W+0_RB4+_S07_Backward  637571957 0.21461 1.64315
W+0_RB4+_S07_Forward  637637493 0.310147 1.52973
W+1_RB4+_S07_Backward  637571961 0 0
W+1_RB4+_S07_Forward  637637497 0 0
W+2_RB4+_S07_Backward  637571965 0.455236 1.65733
W+2_RB4+_S07_Forward  637637501 0.368818 2.79017
W-2_RB4+_S08_Backward  637572077 -0.0498199 1.71305
W-2_RB4+_S08_Forward  637637613 -0.157186 1.71747
W-1_RB4+_S08_Backward  637572081 -0.213595 1.60562
W-1_RB4+_S08_Forward  637637617 -0.306002 1.521
W+0_RB4+_S08_Backward  637572085 -0.334165 1.82265
W+0_RB4+_S08_Forward  637637621 -0.15838 2.06069
W+1_RB4+_S08_Backward  637572089 0.201649 1.98014
W+1_RB4+_S08_Forward  637637625 0.121253 2.81753
W+2_RB4+_S08_Backward  637572093 0 0
W+2_RB4+_S08_Forward  637637629 0 0
W-2_RB4+_S10_Backward  637572333 0 0
W-2_RB4+_S10_Forward  637637869 0 0
W-1_RB4+_S10_Backward  637572337 0 0
W-1_RB4+_S10_Forward  637637873 0 0
W+0_RB4+_S10_Backward  637572341 0.237709 1.7302
W+0_RB4+_S10_Forward  637637877 0.344121 2.05578
W+1_RB4+_S10_Backward  637572345 0.280604 1.5435
W+1_RB4+_S10_Forward  637637881 0.204177 1.9866
W+2_RB4+_S10_Backward  637572349 0.0144231 1.71462
W+2_RB4+_S10_Forward  637637885 0.0742678 1.94705
W-2_RB4+_S12_Backward  637572589 -0.0120482 1.75403
W-2_RB4+_S12_Forward  637638125 0.0409742 2.19169
W-1_RB4+_S12_Backward  637572593 -0.111153 2.62649
W-1_RB4+_S12_Forward  637638129 0.0252187 4.33785
W+0_RB4+_S12_Backward  637572597 -0.0418009 1.75522
W+0_RB4+_S12_Forward  637638133 0.0806673 1.91694
W+1_RB4+_S12_Backward  637572601 -0.152083 1.78269
W+1_RB4+_S12_Forward  637638137 -0.111594 2.30561
W+2_RB4+_S12_Backward  637572605 0.0951688 2.02671
W+2_RB4+_S12_Forward  637638141 0.0319498 2.17311
W-2_RB4+-_S04_Backward  637575661 -0.117518 1.38771
W-2_RB4+-_S04_Forward  637641197 -0.0892138 1.43343
W-1_RB4+-_S04_Backward  637575665 -0.0511176 1.44178
W-1_RB4+-_S04_Forward  637641201 -0.0284973 1.37356
W+0_RB4+-_S04_Backward  637575669 0.0132728 1.53448
W+0_RB4+-_S04_Forward  637641205 0.18672 1.92162
W+1_RB4+-_S04_Backward  637575673 0.0604075 1.4355
W+1_RB4+-_S04_Forward  637641209 -0.059785 1.91393
W+2_RB4+-_S04_Backward  637575677 -0.104893 1.57219
W+2_RB4+-_S04_Forward  637641213 -0.183768 1.51848
W-2_RB4++_S04_Backward  637579757 -0.00588435 1.46321
W-2_RB4++_S04_Forward  637645293 -0.170074 1.65708
W-1_RB4++_S04_Backward  637579761 -0.332519 1.37346
W-1_RB4++_S04_Forward  637645297 -0.27456 1.40537
W+0_RB4++_S04_Backward  637579765 -0.187743 1.5464
W+0_RB4++_S04_Forward  637645301 -0.0304628 1.54463
W+1_RB4++_S04_Backward  637579769 0.00732349 1.51417
W+1_RB4++_S04_Forward  637645305 0.17302 1.65875
W+2_RB4++_S04_Backward  637579773 0.0846051 1.40181
W+2_RB4++_S04_Forward  637645309 0.10921 1.68837
